1.100000000000000006e-01 -8.000000000008000711e-05
1.300000000000000044e-01 -1.500000000000945022e-04
1.499999999999999944e-01 -2.199999999996649080e-04
1.700000000000000122e-01 -2.999999999997449152e-04
1.900000000000000022e-01 -3.700000000002034994e-04
2.099999999999999922e-01 -4.400000000002179945e-04
2.300000000000000100e-01 -5.199999999998539124e-04
2.500000000000000000e-01 -5.899999999998684075e-04
2.700000000000000178e-01 -6.600000000003269918e-04
2.899999999999999800e-01 -7.299999999998973976e-04
3.099999999999999978e-01 -7.999999999999118927e-04
3.300000000000000155e-01 -8.699999999999263878e-04
3.499999999999999778e-01 -9.399999999999408828e-04
3.699999999999999956e-01 -1.009999999999955378e-03
3.900000000000000133e-01 -1.079999999999969873e-03
4.099999999999999756e-01 -1.139999999999918856e-03
4.299999999999999933e-01 -1.219999999999998863e-03
4.500000000000000111e-01 -1.279999999999947846e-03
4.699999999999999734e-01 -1.349999999999962341e-03
4.899999999999999911e-01 -1.409999999999911324e-03
5.100000000000000089e-01 -1.480000000000369909e-03
5.300000000000000266e-01 -1.539999999999874802e-03
5.500000000000000444e-01 -1.609999999999889297e-03
5.699999999999999512e-01 -1.669999999999838280e-03
5.899999999999999689e-01 -1.730000000000231353e-03
6.099999999999999867e-01 -1.800000000000245848e-03
6.300000000000000044e-01 -1.849999999999685230e-03
6.500000000000000222e-01 -1.910000000000078302e-03
6.700000000000000400e-01 -1.979999999999648708e-03
6.899999999999999467e-01 -2.029999999999976268e-03
7.099999999999999645e-01 -2.089999999999925251e-03
7.299999999999999822e-01 -2.150000000000318323e-03
7.500000000000000000e-01 -2.219999999999888729e-03
7.700000000000000178e-01 -2.270000000000216289e-03
7.900000000000000355e-01 -2.330000000000165272e-03
8.100000000000000533e-01 -2.380000000000048743e-03
8.299999999999999600e-01 -2.439999999999997726e-03
8.499999999999999778e-01 -2.489999999999881197e-03
8.699999999999999956e-01 -2.549999999999830180e-03
8.900000000000000133e-01 -2.600000000000157740e-03
9.100000000000000311e-01 -2.650000000000041211e-03
9.300000000000000488e-01 -2.709999999999768150e-03
9.499999999999999556e-01 -2.760000000000095710e-03
9.699999999999999734e-01 -2.809999999999979181e-03
9.899999999999999911e-01 -2.860000000000084697e-03
1.010000000000000009e+00 -2.909999999999968168e-03
1.030000000000000027e+00 -2.959999999999851639e-03
1.050000000000000044e+00 -3.009999999999957154e-03
1.070000000000000062e+00 -3.060000000000062670e-03
1.090000000000000080e+00 -3.099999999999880629e-03
1.110000000000000098e+00 -3.149999999999986144e-03
1.129999999999999893e+00 -3.199999999999647571e-03
1.149999999999999911e+00 -3.239999999999687574e-03
1.169999999999999929e+00 -3.289999999999793090e-03
1.189999999999999947e+00 -3.329999999999833094e-03
1.209999999999999964e+00 -3.379999999999938609e-03
1.229999999999999982e+00 -3.419999999999978613e-03
1.250000000000000000e+00 -3.460000000000018616e-03
1.270000000000000018e+00 -3.499999999999836575e-03
1.290000000000000036e+00 -3.550000000000164135e-03
1.310000000000000053e+00 -3.589999999999982094e-03
1.330000000000000071e+00 -3.640000000000087610e-03
1.350000000000000089e+00 -3.679999999999905569e-03
1.370000000000000107e+00 -3.709999999999880060e-03
1.389999999999999902e+00 -3.749999999999698019e-03
1.409999999999999920e+00 -3.789999999999738023e-03
1.429999999999999938e+00 -3.829999999999778026e-03
1.449999999999999956e+00 -3.869999999999818030e-03
1.469999999999999973e+00 -3.900000000000014566e-03
1.489999999999999991e+00 -3.929999999999989058e-03
1.510000000000000009e+00 -3.970000000000029061e-03
1.530000000000000027e+00 -4.000000000000003553e-03
1.550000000000000044e+00 -4.029999999999978044e-03
1.570000000000000062e+00 -4.070000000000018048e-03
1.590000000000000080e+00 -4.099999999999992539e-03
1.610000000000000098e+00 -4.140000000000032543e-03
1.629999999999999893e+00 -4.169999999999784990e-03
1.649999999999999911e+00 -4.189999999999916014e-03
1.669999999999999929e+00 -4.229999999999733973e-03
1.689999999999999947e+00 -4.259999999999708464e-03
1.709999999999999964e+00 -4.289999999999682956e-03
1.729999999999999982e+00 -4.309999999999813980e-03
1.750000000000000000e+00 -4.340000000000010516e-03
1.770000000000000018e+00 -4.369999999999985008e-03
1.790000000000000036e+00 -4.399999999999959499e-03
1.810000000000000053e+00 -4.420000000000090523e-03
1.830000000000000071e+00 -4.449999999999842970e-03
1.850000000000000089e+00 -4.469999999999973994e-03
1.870000000000000107e+00 -4.500000000000170530e-03
1.889999999999999902e+00 -4.529999999999700933e-03
1.909999999999999920e+00 -4.549999999999831957e-03
1.929999999999999938e+00 -4.579999999999806448e-03
1.949999999999999956e+00 -4.589999999999871960e-03
1.969999999999999973e+00 -4.620000000000068496e-03
1.989999999999999991e+00 -4.640000000000199520e-03
2.009999999999999787e+00 -4.659999999999664411e-03
2.029999999999999805e+00 -4.679999999999795435e-03
2.049999999999999822e+00 -4.699999999999704414e-03
2.069999999999999840e+00 -4.719999999999835438e-03
2.089999999999999858e+00 -4.739999999999744418e-03
2.109999999999999876e+00 -4.759999999999875442e-03
2.129999999999999893e+00 -4.780000000000006466e-03
2.149999999999999911e+00 -4.800000000000137490e-03
2.169999999999999929e+00 -4.809999999999980957e-03
2.189999999999999947e+00 -4.830000000000111982e-03
2.209999999999999964e+00 -4.850000000000020961e-03
2.229999999999999982e+00 -4.860000000000086473e-03
2.250000000000000000e+00 -4.869999999999929940e-03
2.270000000000000018e+00 -4.889999999999838920e-03
2.290000000000000036e+00 -4.909999999999969944e-03
2.310000000000000053e+00 -4.920000000000035456e-03
2.330000000000000071e+00 -4.939999999999944436e-03
2.350000000000000089e+00 -4.940000000000166480e-03
2.370000000000000107e+00 -4.960000000000297504e-03
2.390000000000000124e+00 -4.970000000000363016e-03
2.410000000000000142e+00 -4.980000000000206484e-03
2.430000000000000160e+00 -4.990000000000049951e-03
2.450000000000000178e+00 -5.000000000000115463e-03
2.470000000000000195e+00 -5.010000000000403020e-03
2.490000000000000213e+00 -5.024000000000361510e-03
2.509999999999999787e+00 -5.033000000000065199e-03
2.529999999999999805e+00 -5.041999999999990933e-03
2.549999999999999822e+00 -5.051000000000027690e-03
2.569999999999999840e+00 -5.058999999999924668e-03
2.589999999999999858e+00 -5.067000000000043691e-03
2.609999999999999876e+00 -5.074999999999940670e-03
2.629999999999999893e+00 -5.082000000000030937e-03
2.649999999999999911e+00 -5.089000000000010182e-03
2.669999999999999929e+00 -5.094999999999960671e-03
2.689999999999999947e+00 -5.102000000000050939e-03
2.709999999999999964e+00 -5.106999999999972673e-03
2.729999999999999982e+00 -5.112000000000005429e-03
2.750000000000000000e+00 -5.118000000000066940e-03
2.770000000000000018e+00 -5.122999999999988674e-03
2.790000000000000036e+00 -5.126999999999992674e-03
2.810000000000000053e+00 -5.132000000000025430e-03
2.830000000000000071e+00 -5.135000000000000675e-03
2.850000000000000089e+00 -5.139000000000226720e-03
2.870000000000000107e+00 -5.142000000000090942e-03
2.890000000000000124e+00 -5.145000000000066187e-03
2.910000000000000142e+00 -5.147000000000123698e-03
2.930000000000000160e+00 -5.150000000000098943e-03
2.950000000000000178e+00 -5.151000000000127699e-03
2.970000000000000195e+00 -5.154000000000102943e-03
2.990000000000000213e+00 -5.155000000000131699e-03
3.009999999999999787e+00 -5.156000000000049432e-03
3.029999999999999805e+00 -5.156000000000049432e-03
3.049999999999999822e+00 -5.157000000000078188e-03
3.069999999999999840e+00 -5.156999999999967166e-03
3.089999999999999858e+00 -5.157000000000078188e-03
3.109999999999999876e+00 -5.156999999999967166e-03
3.129999999999999893e+00 -5.156999999999967166e-03
3.149999999999999911e+00 -5.155999999999938410e-03
3.169999999999999929e+00 -5.155000000000020677e-03
3.189999999999999947e+00 -5.153999999999991921e-03
3.209999999999999964e+00 -5.152999999999963165e-03
3.229999999999999982e+00 -5.149999999999987921e-03
3.250000000000000000e+00 -5.148000000000041432e-03
3.270000000000000018e+00 -5.147000000000012676e-03
3.290000000000000036e+00 -5.144000000000037431e-03
3.310000000000000053e+00 -5.141999999999979920e-03
3.330000000000000071e+00 -5.139000000000004675e-03
3.350000000000000089e+00 -5.136000000000140453e-03
3.370000000000000107e+00 -5.133000000000054186e-03
3.390000000000000124e+00 -5.129000000000050186e-03
3.410000000000000142e+00 -5.127000000000103697e-03
3.430000000000000160e+00 -5.123000000000210719e-03
3.450000000000000178e+00 -5.119000000000095696e-03
3.470000000000000195e+00 -5.115000000000091696e-03
3.490000000000000213e+00 -5.110000000000058940e-03
3.509999999999999787e+00 -5.106000000000054939e-03
3.529999999999999805e+00 -5.102000000000050939e-03
3.549999999999999822e+00 -5.097000000000018183e-03
3.569999999999999840e+00 -5.091999999999985427e-03
3.589999999999999858e+00 -5.086999999999952671e-03
3.609999999999999876e+00 -5.082000000000030937e-03
3.629999999999999893e+00 -5.075999999999969425e-03
3.649999999999999911e+00 -5.071000000000047692e-03
3.669999999999999929e+00 -5.066000000000014936e-03
3.689999999999999947e+00 -5.058999999999924668e-03
3.709999999999999964e+00 -5.054000000000002935e-03
3.729999999999999982e+00 -5.048000000000052445e-03
3.750000000000000000e+00 -5.041999999999990933e-03
3.770000000000000018e+00 -5.035000000000011688e-03
3.790000000000000036e+00 -5.028999999999950177e-03
3.810000000000000053e+00 -5.021999999999970932e-03
3.830000000000000071e+00 -5.015999999999909420e-03
3.850000000000000089e+00 -5.009000000000152220e-03
3.870000000000000107e+00 -5.002000000000061952e-03
3.890000000000000124e+00 -4.995000000000082707e-03
3.910000000000000142e+00 -4.988000000000103462e-03
3.930000000000000160e+00 -4.981000000000124217e-03
3.950000000000000178e+00 -4.974000000000144972e-03
3.970000000000000195e+00 -4.967000000000054705e-03
3.990000000000000213e+00 -4.959000000000157726e-03
4.009999999999999787e+00 -4.952000000000067459e-03
4.030000000000000249e+00 -4.945000000000088214e-03
4.049999999999999822e+00 -4.936999999999969191e-03
4.070000000000000284e+00 -4.929000000000072212e-03
4.089999999999999858e+00 -4.921000000000064212e-03
4.110000000000000320e+00 -4.913000000000167233e-03
4.129999999999999893e+00 -4.905999999999965944e-03
4.150000000000000355e+00 -4.898000000000179988e-03
4.169999999999999929e+00 -4.888999999999976698e-03
4.190000000000000391e+00 -4.882000000000163986e-03
4.209999999999999964e+00 -4.873999999999989452e-03
4.230000000000000426e+00 -4.866000000000147985e-03
4.250000000000000000e+00 -4.857000000000000206e-03
4.269999999999999574e+00 -4.849000000000047716e-03
4.290000000000000036e+00 -4.841000000000039716e-03
4.309999999999999609e+00 -4.832999999999976204e-03
4.330000000000000071e+00 -4.823999999999994959e-03
4.349999999999999645e+00 -4.815000000000013713e-03
4.370000000000000107e+00 -4.807000000000005713e-03
4.389999999999999680e+00 -4.798999999999997712e-03
4.410000000000000142e+00 -4.788999999999987711e-03
4.429999999999999716e+00 -4.780999999999979710e-03
4.450000000000000178e+00 -4.771999999999998465e-03
4.469999999999999751e+00 -4.763999999999990465e-03
4.490000000000000213e+00 -4.755000000000009219e-03
4.509999999999999787e+00 -4.747000000000001219e-03
4.530000000000000249e+00 -4.737999999999964462e-03
4.549999999999999822e+00 -4.728999999999983217e-03
4.570000000000000284e+00 -4.720000000000001972e-03
4.589999999999999858e+00 -4.711999999999993971e-03
4.610000000000000320e+00 -4.702000000000206015e-03
4.629999999999999893e+00 -4.693999999999975969e-03
4.650000000000000355e+00 -4.685000000000105747e-03
4.669999999999999929e+00 -4.675999999999957968e-03
4.690000000000000391e+00 -4.667000000000087745e-03
4.709999999999999964e+00 -4.658999999999968722e-03
4.730000000000000426e+00 -4.650000000000154010e-03
4.750000000000000000e+00 -4.641000000000006231e-03
4.769999999999999574e+00 -4.632000000000024986e-03
4.790000000000000036e+00 -4.622999999999988230e-03
4.809999999999999609e+00 -4.613999999999951473e-03
4.830000000000000071e+00 -4.605999999999998984e-03
4.849999999999999645e+00 -4.597000000000017739e-03
4.870000000000000107e+00 -4.587999999999980982e-03
4.889999999999999680e+00 -4.578999999999999737e-03
4.910000000000000142e+00 -4.570000000000018492e-03
4.929999999999999716e+00 -4.562000000000010491e-03
4.950000000000000178e+00 -4.552999999999973735e-03
4.969999999999999751e+00 -4.543999999999992490e-03
4.990000000000000213e+00 -4.535000000000011244e-03
5.009999999999999787e+00 -4.525999999999974488e-03
5.030000000000000249e+00 -4.518000000000021998e-03
5.049999999999999822e+00 -4.508999999999985242e-03
5.070000000000000284e+00 -4.500000000000003997e-03
5.089999999999999858e+00 -4.491999999999995996e-03
5.110000000000000320e+00 -4.483000000000125773e-03
5.129999999999999893e+00 -4.474000000000033506e-03
5.150000000000000355e+00 -4.465000000000107772e-03
5.169999999999999929e+00 -4.456999999999988749e-03
5.190000000000000391e+00 -4.449000000000091770e-03
5.209999999999999964e+00 -4.439999999999999503e-03
5.230000000000000426e+00 -4.431000000000073769e-03
5.250000000000000000e+00 -4.421999999999981501e-03
5.269999999999999574e+00 -4.415000000000002256e-03
5.290000000000000036e+00 -4.406000000000021011e-03
5.309999999999999609e+00 -4.398000000000013010e-03
5.330000000000000071e+00 -4.388999999999976254e-03
5.349999999999999645e+00 -4.380999999999968253e-03
5.370000000000000107e+00 -4.372999999999960252e-03
5.389999999999999680e+00 -4.363999999999979007e-03
5.410000000000000142e+00 -4.356000000000026517e-03
5.429999999999999716e+00 -4.346999999999989761e-03
5.450000000000000178e+00 -4.338999999999981760e-03
5.469999999999999751e+00 -4.331000000000029271e-03
5.490000000000000213e+00 -4.323000000000021270e-03
5.509999999999999787e+00 -4.313999999999984514e-03
5.530000000000000249e+00 -4.306000000000032024e-03
5.549999999999999822e+00 -4.298000000000024023e-03
5.570000000000000284e+00 -4.290999999999989267e-03
5.589999999999999858e+00 -4.282999999999981267e-03
5.610000000000000320e+00 -4.274000000000111044e-03
5.629999999999999893e+00 -4.267000000000020776e-03
5.650000000000000355e+00 -4.259000000000123798e-03
5.669999999999999929e+00 -4.251000000000004775e-03
5.690000000000000391e+00 -4.243000000000107796e-03
5.709999999999999964e+00 -4.236000000000017529e-03
5.730000000000000426e+00 -4.227000000000036284e-03
5.750000000000000000e+00 -4.220000000000001528e-03
5.769999999999999574e+00 -4.213000000000022283e-03
5.790000000000000036e+00 -4.205000000000014282e-03
5.809999999999999609e+00 -4.198000000000035037e-03
5.830000000000000071e+00 -4.190000000000027036e-03
5.849999999999999645e+00 -4.181999999999963524e-03
5.870000000000000107e+00 -4.174999999999984279e-03
5.889999999999999680e+00 -4.168000000000005034e-03
5.910000000000000142e+00 -4.161000000000025789e-03
5.929999999999999716e+00 -4.153000000000017788e-03
5.950000000000000178e+00 -4.145999999999983032e-03
5.969999999999999751e+00 -4.138999999999976032e-03
5.990000000000000213e+00 -4.131999999999969031e-03
6.009999999999999787e+00 -4.124000000000016541e-03
6.030000000000000249e+00 -4.117000000000009541e-03
6.049999999999999822e+00 -4.110000000000002540e-03
6.070000000000000284e+00 -4.103999999999996540e-03
6.089999999999999858e+00 -4.095999999999988539e-03
6.110000000000000320e+00 -4.089000000000064805e-03
6.129999999999999893e+00 -4.082000000000002293e-03
6.150000000000000355e+00 -4.076000000000051804e-03
6.169999999999999929e+00 -4.069000000000017048e-03
6.190000000000000391e+00 -4.062000000000065558e-03
6.209999999999999964e+00 -4.055000000000003046e-03
6.230000000000000426e+00 -4.049000000000080313e-03
6.250000000000000000e+00 -4.042999999999991045e-03
6.269999999999999574e+00 -4.035999999999984045e-03
6.290000000000000036e+00 -4.029000000000004800e-03
6.309999999999999609e+00 -4.022000000000025555e-03
6.330000000000000071e+00 -4.015999999999991799e-03
6.349999999999999645e+00 -4.010000000000013554e-03
6.370000000000000107e+00 -4.003000000000006553e-03
6.389999999999999680e+00 -3.997000000000000552e-03
6.410000000000000142e+00 -3.990999999999994552e-03
6.429999999999999716e+00 -3.984999999999988551e-03
6.450000000000000178e+00 -3.978999999999982551e-03
6.469999999999999751e+00 -3.973000000000004306e-03
6.490000000000000213e+00 -3.966999999999998305e-03
6.509999999999999787e+00 -3.960999999999992305e-03
6.530000000000000249e+00 -3.955000000000014060e-03
6.549999999999999822e+00 -3.949000000000008059e-03
6.570000000000000284e+00 -3.943000000000002059e-03
6.589999999999999858e+00 -3.936999999999996058e-03
6.610000000000000320e+00 -3.931000000000045569e-03
6.629999999999999893e+00 -3.925000000000011813e-03
6.650000000000000355e+00 -3.920000000000062323e-03
6.669999999999999929e+00 -3.915000000000001812e-03
6.690000000000000391e+00 -3.909000000000051323e-03
6.709999999999999964e+00 -3.902999999999989811e-03
6.730000000000000426e+00 -3.897000000000067077e-03
6.750000000000000000e+00 -3.892000000000006565e-03
6.769999999999999574e+00 -3.887000000000001565e-03
6.790000000000000036e+00 -3.881999999999996565e-03
6.809999999999999609e+00 -3.875999999999990564e-03
6.830000000000000071e+00 -3.871000000000013319e-03
6.849999999999999645e+00 -3.865999999999980563e-03
6.870000000000000107e+00 -3.861000000000003318e-03
6.889999999999999680e+00 -3.855000000000025073e-03
6.910000000000000142e+00 -3.849999999999992317e-03
6.929999999999999716e+00 -3.844999999999987317e-03
6.950000000000000178e+00 -3.840000000000010072e-03
6.969999999999999751e+00 -3.835000000000005071e-03
6.990000000000000213e+00 -3.830000000000000071e-03
7.009999999999999787e+00 -3.824999999999995071e-03
7.030000000000000249e+00 -3.819999999999990070e-03
7.049999999999999822e+00 -3.815999999999986070e-03
7.070000000000000284e+00 -3.810999999999981069e-03
7.089999999999999858e+00 -3.806000000000003824e-03
7.110000000000000320e+00 -3.801000000000054335e-03
7.129999999999999893e+00 -3.795999999999993824e-03
7.150000000000000355e+00 -3.792000000000045334e-03
7.169999999999999929e+00 -3.787999999999985823e-03
7.190000000000000391e+00 -3.783000000000064089e-03
7.209999999999999964e+00 -3.778999999999976822e-03
7.230000000000000426e+00 -3.774000000000055088e-03
7.250000000000000000e+00 -3.769999999999995577e-03
7.269999999999999574e+00 -3.764999999999990576e-03
7.290000000000000036e+00 -3.761000000000014332e-03
7.309999999999999609e+00 -3.755999999999981576e-03
7.330000000000000071e+00 -3.752999999999978575e-03
7.349999999999999645e+00 -3.748000000000001330e-03
7.370000000000000107e+00 -3.743999999999997330e-03
7.389999999999999680e+00 -3.739999999999993330e-03
7.410000000000000142e+00 -3.734999999999988329e-03
7.429999999999999716e+00 -3.731999999999985329e-03
7.450000000000000178e+00 -3.727000000000008084e-03
7.469999999999999751e+00 -3.723000000000004084e-03
7.490000000000000213e+00 -3.720000000000001084e-03
7.509999999999999787e+00 -3.715999999999997083e-03
7.530000000000000249e+00 -3.711999999999993083e-03
7.549999999999999822e+00 -3.708000000000016838e-03
7.570000000000000284e+00 -3.705000000000013838e-03
7.589999999999999858e+00 -3.700999999999982082e-03
7.610000000000000320e+00 -3.697000000000033593e-03
7.629999999999999893e+00 -3.693000000000001837e-03
7.650000000000000355e+00 -3.690000000000026592e-03
7.669999999999999929e+00 -3.685999999999994836e-03
7.690000000000000391e+00 -3.682000000000018591e-03
7.709999999999999964e+00 -3.678999999999987836e-03
7.730000000000000426e+00 -3.676000000000040346e-03
7.750000000000000000e+00 -3.671999999999980835e-03
7.769999999999999574e+00 -3.668000000000004590e-03
7.790000000000000036e+00 -3.665000000000001590e-03
7.809999999999999609e+00 -3.661999999999998590e-03
7.830000000000000071e+00 -3.657999999999994589e-03
7.849999999999999645e+00 -3.654999999999991589e-03
7.870000000000000107e+00 -3.652000000000016344e-03
7.889999999999999680e+00 -3.648000000000012344e-03
7.910000000000000142e+00 -3.645999999999982588e-03
7.929999999999999716e+00 -3.642000000000006343e-03
7.950000000000000178e+00 -3.639000000000003343e-03
7.969999999999999751e+00 -3.636000000000000343e-03
7.990000000000000213e+00 -3.632999999999997343e-03
8.009999999999999787e+00 -3.629999999999994342e-03
8.029999999999999361e+00 -3.625999999999962586e-03
8.050000000000000711e+00 -3.624000000000016097e-03
8.070000000000000284e+00 -3.621000000000013097e-03
8.089999999999999858e+00 -3.618999999999983341e-03
8.109999999999999432e+00 -3.614999999999979341e-03
8.130000000000000782e+00 -3.612000000000059607e-03
8.150000000000000355e+00 -3.610000000000002096e-03
8.169999999999999929e+00 -3.606999999999999096e-03
8.189999999999999503e+00 -3.604000000000023851e-03
8.210000000000000853e+00 -3.601000000000048606e-03
8.230000000000000426e+00 -3.597999999999990095e-03
8.250000000000000000e+00 -3.595999999999988095e-03
8.269999999999999574e+00 -3.594000000000013850e-03
8.289999999999999147e+00 -3.589999999999982094e-03
8.310000000000000497e+00 -3.588000000000007850e-03
8.330000000000000071e+00 -3.585999999999991972e-03
8.349999999999999645e+00 -3.582999999999988971e-03
8.369999999999999218e+00 -3.581000000000000849e-03
8.390000000000000568e+00 -3.577999999999997849e-03
8.410000000000000142e+00 -3.574999999999994849e-03
8.429999999999999716e+00 -3.573999999999993848e-03
8.449999999999999289e+00 -3.570000000000003726e-03
8.470000000000000639e+00 -3.568000000000001726e-03
8.490000000000000213e+00 -3.565999999999999726e-03
8.509999999999999787e+00 -3.563999999999997725e-03
8.529999999999999361e+00 -3.561000000000008603e-03
8.550000000000000711e+00 -3.559000000000006603e-03
8.570000000000000284e+00 -3.556999999999990725e-03
8.589999999999999858e+00 -3.555000000000002602e-03
8.609999999999999432e+00 -3.551999999999999602e-03
8.630000000000000782e+00 -3.550000000000053113e-03
8.650000000000000355e+00 -3.547999999999995602e-03
8.669999999999999929e+00 -3.544999999999992601e-03
8.689999999999999503e+00 -3.544000000000005479e-03
8.710000000000000853e+00 -3.542000000000058990e-03
8.730000000000000426e+00 -3.539000000000000479e-03
8.750000000000000000e+00 -3.536999999999998479e-03
8.769999999999999574e+00 -3.535000000000010356e-03
8.789999999999999147e+00 -3.533999999999995478e-03
8.810000000000000497e+00 -3.530999999999992478e-03
8.830000000000000071e+00 -3.529999999999991478e-03
8.849999999999999645e+00 -3.528000000000003356e-03
8.869999999999999218e+00 -3.525000000000000355e-03
8.890000000000000568e+00 -3.522999999999998355e-03
8.910000000000000142e+00 -3.521999999999997355e-03
8.929999999999999716e+00 -3.519000000000008233e-03
8.949999999999999289e+00 -3.517999999999993355e-03
8.970000000000000639e+00 -3.515999999999991354e-03
8.990000000000000213e+00 -3.514000000000003232e-03
9.009999999999999787e+00 -3.512000000000001232e-03
9.029999999999999361e+00 -3.509999999999999232e-03
9.050000000000000711e+00 -3.508999999999998232e-03
9.070000000000000284e+00 -3.507000000000010109e-03
9.089999999999999858e+00 -3.504999999999994231e-03
9.109999999999999432e+00 -3.504000000000007109e-03
9.130000000000000782e+00 -3.502000000000046742e-03
9.150000000000000355e+00 -3.501000000000004109e-03
9.169999999999999929e+00 -3.498000000000001108e-03
9.189999999999999503e+00 -3.496700000000005359e-03
9.210000000000000853e+00 -3.494900000000050744e-03
9.230000000000000426e+00 -3.493900000000008110e-03
9.250000000000000000e+00 -3.491799999999989357e-03
9.269999999999999574e+00 -3.490500000000007486e-03
9.289999999999999147e+00 -3.489199999999997859e-03
9.310000000000000497e+00 -3.487699999999996359e-03
9.330000000000000071e+00 -3.485800000000011112e-03
9.349999999999999645e+00 -3.484299999999995734e-03
9.369999999999999218e+00 -3.482800000000008112e-03
9.390000000000000568e+00 -3.481300000000006611e-03
9.410000000000000142e+00 -3.479800000000005111e-03
9.429999999999999716e+00 -3.478300000000003611e-03
9.449999999999999289e+00 -3.476800000000002111e-03
9.470000000000000639e+00 -3.475300000000000611e-03
9.490000000000000213e+00 -3.473900000000001986e-03
9.509999999999999787e+00 -3.472400000000000486e-03
9.529999999999999361e+00 -3.471000000000001862e-03
9.550000000000000711e+00 -3.469500000000000361e-03
9.570000000000000284e+00 -3.468100000000001737e-03
9.589999999999999858e+00 -3.466700000000003112e-03
9.609999999999999432e+00 -3.465399999999993486e-03
9.630000000000000782e+00 -3.463900000000047497e-03
9.650000000000000355e+00 -3.462599999999996236e-03
9.669999999999999929e+00 -3.461199999999997612e-03
9.689999999999999503e+00 -3.459899999999987985e-03
9.710000000000000853e+00 -3.458500000000044872e-03
9.730000000000000426e+00 -3.457100000000004614e-03
9.750000000000000000e+00 -3.455799999999994987e-03
9.769999999999999574e+00 -3.454499999999999238e-03
9.789999999999999147e+00 -3.453200000000003489e-03
9.810000000000000497e+00 -3.451800000000004864e-03
9.830000000000000071e+00 -3.450500000000009115e-03
9.849999999999999645e+00 -3.449199999999999489e-03
9.869999999999999218e+00 -3.447900000000003740e-03
9.890000000000000568e+00 -3.446699999999996988e-03
9.910000000000000142e+00 -3.445400000000001239e-03
9.929999999999999716e+00 -3.444099999999991613e-03
9.949999999999999289e+00 -3.442699999999992988e-03
9.970000000000000639e+00 -3.441500000000000115e-03
9.990000000000000213e+00 -3.440300000000007241e-03
1.000999999999999979e+01 -3.438999999999997614e-03
1.002999999999999936e+01 -3.437700000000001865e-03
1.005000000000000071e+01 -3.436399999999992239e-03
1.007000000000000028e+01 -3.435100000000010367e-03
1.008999999999999986e+01 -3.433900000000003616e-03
1.010999999999999943e+01 -3.432699999999996865e-03
1.013000000000000078e+01 -3.431400000000014994e-03
1.015000000000000036e+01 -3.430199999999994365e-03
1.016999999999999993e+01 -3.428899999999998616e-03
1.018999999999999950e+01 -3.427699999999991864e-03
1.021000000000000085e+01 -3.426400000000023871e-03
1.023000000000000043e+01 -3.425199999999989364e-03
1.025000000000000000e+01 -3.423899999999993615e-03
1.026999999999999957e+01 -3.422700000000000742e-03
1.028999999999999915e+01 -3.421499999999993991e-03
1.031000000000000050e+01 -3.420199999999998242e-03
1.033000000000000007e+01 -3.418900000000002493e-03
1.034999999999999964e+01 -3.417700000000009619e-03
1.036999999999999922e+01 -3.416500000000002868e-03
1.039000000000000057e+01 -3.415300000000009994e-03
1.041000000000000014e+01 -3.414000000000000368e-03
1.042999999999999972e+01 -3.412799999999993616e-03
1.044999999999999929e+01 -3.411500000000011745e-03
1.047000000000000064e+01 -3.410200000000002118e-03
1.049000000000000021e+01 -3.408900000000006369e-03
1.050999999999999979e+01 -3.407699999999999618e-03
1.052999999999999936e+01 -3.406400000000003869e-03
1.055000000000000071e+01 -3.405100000000008120e-03
1.057000000000000028e+01 -3.403800000000012371e-03
1.058999999999999986e+01 -3.402600000000005620e-03
1.060999999999999943e+01 -3.401399999999998869e-03
1.063000000000000078e+01 -3.400000000000028000e-03
1.065000000000000036e+01 -3.398700000000004495e-03
1.066999999999999993e+01 -3.397499999999997744e-03
1.068999999999999950e+01 -3.396099999999999119e-03
1.071000000000000085e+01 -3.394800000000031126e-03
1.073000000000000043e+01 -3.393500000000007621e-03
1.075000000000000000e+01 -3.392200000000011872e-03
1.076999999999999957e+01 -3.390799999999999370e-03
1.078999999999999915e+01 -3.389500000000003621e-03
1.081000000000000050e+01 -3.388199999999993994e-03
1.083000000000000007e+01 -3.386799999999995370e-03
1.084999999999999964e+01 -3.385399999999996745e-03
1.086999999999999922e+01 -3.384100000000000996e-03
1.089000000000000057e+01 -3.382700000000002372e-03
1.091000000000000014e+01 -3.381299999999989869e-03
1.092999999999999972e+01 -3.379999999999994120e-03
1.094999999999999929e+01 -3.378599999999995496e-03
1.097000000000000064e+01 -3.377100000000007873e-03
1.099000000000000021e+01 -3.375599999999992495e-03
1.100999999999999979e+01 -3.374199999999993871e-03
1.102999999999999936e+01 -3.372799999999995246e-03
1.105000000000000071e+01 -3.371399999999996622e-03
1.107000000000000028e+01 -3.369900000000008999e-03
1.108999999999999986e+01 -3.368399999999993621e-03
1.110999999999999943e+01 -3.366900000000005999e-03
1.113000000000000078e+01 -3.365500000000035130e-03
1.115000000000000036e+01 -3.363900000000002999e-03
1.116999999999999993e+01 -3.362400000000001499e-03
1.118999999999999950e+01 -3.360800000000011001e-03
1.121000000000000085e+01 -3.359300000000037256e-03
1.123000000000000043e+01 -3.357799999999994123e-03
1.125000000000000000e+01 -3.356200000000003625e-03
1.126999999999999957e+01 -3.354499999999996374e-03
1.128999999999999915e+01 -3.352900000000005876e-03
1.131000000000000050e+01 -3.351300000000001500e-03
1.133000000000000007e+01 -3.349699999999997124e-03
1.134999999999999964e+01 -3.348100000000006626e-03
1.136999999999999922e+01 -3.346399999999999375e-03
1.139000000000000057e+01 -3.344700000000006002e-03
1.141000000000000014e+01 -3.342999999999998750e-03
1.142999999999999972e+01 -3.341299999999998438e-03
1.144999999999999929e+01 -3.339599999999991187e-03
1.147000000000000064e+01 -3.337800000000001877e-03
1.149000000000000021e+01 -3.336000000000005627e-03
1.150999999999999979e+01 -3.334200000000002440e-03
1.152999999999999936e+01 -3.332499999999995188e-03
1.155000000000000071e+01 -3.330599999999996064e-03
1.157000000000000028e+01 -3.328800000000006754e-03
1.158999999999999986e+01 -3.326999999999996627e-03
1.160999999999999943e+01 -3.325099999999997502e-03
1.163000000000000078e+01 -3.323200000000019194e-03
1.165000000000000036e+01 -3.321299999999999253e-03
1.166999999999999993e+01 -3.319299999999997253e-03
1.168999999999999950e+01 -3.317500000000001004e-03
1.171000000000000085e+01 -3.315500000000026759e-03
1.173000000000000043e+01 -3.313400000000001067e-03
1.175000000000000000e+01 -3.311399999999999066e-03
1.176999999999999957e+01 -3.309499999999999942e-03
1.178999999999999915e+01 -3.307399999999995066e-03
1.181000000000000050e+01 -3.305400000000000005e-03
1.183000000000000007e+01 -3.303300000000002068e-03
1.184999999999999964e+01 -3.301099999999994317e-03
1.186999999999999922e+01 -3.298999999999996380e-03
1.189000000000000057e+01 -3.296899999999998443e-03
1.191000000000000014e+01 -3.294599999999994755e-03
1.192999999999999972e+01 -3.292400000000000881e-03
1.194999999999999929e+01 -3.290200000000000069e-03
1.197000000000000064e+01 -3.287999999999999257e-03
1.199000000000000021e+01 -3.285700000000002508e-03
1.200999999999999979e+01 -3.283399999999998820e-03
1.202999999999999936e+01 -3.281100000000002070e-03
1.205000000000000071e+01 -3.278699999999995507e-03
1.207000000000000028e+01 -3.276300000000002821e-03
1.208999999999999986e+01 -3.273900000000003196e-03
1.210999999999999943e+01 -3.271499999999996633e-03
1.213000000000000078e+01 -3.269000000000021888e-03
1.215000000000000036e+01 -3.266600000000001447e-03
1.216999999999999993e+01 -3.264000000000003010e-03
1.218999999999999950e+01 -3.261500000000000510e-03
1.221000000000000085e+01 -3.259000000000011887e-03
1.223000000000000043e+01 -3.256299999999996697e-03
1.225000000000000000e+01 -3.253699999999998260e-03
1.226999999999999957e+01 -3.250999999999996948e-03
1.228999999999999915e+01 -3.248399999999998511e-03
1.231000000000000050e+01 -3.245700000000004137e-03
1.233000000000000007e+01 -3.242899999999999949e-03
1.234999999999999964e+01 -3.240199999999998637e-03
1.236999999999999922e+01 -3.237400000000001388e-03
1.239000000000000057e+01 -3.234599999999997200e-03
1.241000000000000014e+01 -3.231799999999999951e-03
1.242999999999999972e+01 -3.228899999999999826e-03
1.244999999999999929e+01 -3.225899999999996826e-03
1.247000000000000064e+01 -3.222999999999996701e-03
1.249000000000000021e+01 -3.220000000000000639e-03
1.250999999999999979e+01 -3.216999999999997639e-03
1.252999999999999936e+01 -3.213899999999998702e-03
1.255000000000000071e+01 -3.210899999999995702e-03
1.257000000000000028e+01 -3.207799999999996765e-03
1.258999999999999986e+01 -3.204600000000001891e-03
1.260999999999999943e+01 -3.201500000000002955e-03
1.263000000000000078e+01 -3.198300000000015020e-03
1.265000000000000036e+01 -3.195099999999999330e-03
1.266999999999999993e+01 -3.191800000000001580e-03
1.268999999999999950e+01 -3.188500000000003831e-03
1.271000000000000085e+01 -3.185200000000013021e-03
1.273000000000000043e+01 -3.181799999999998518e-03
1.275000000000000000e+01 -3.178399999999997894e-03
1.276999999999999957e+01 -3.174899999999994393e-03
1.278999999999999915e+01 -3.171500000000000707e-03
1.281000000000000050e+01 -3.167899999999994332e-03
1.283000000000000007e+01 -3.164399999999997770e-03
1.284999999999999964e+01 -3.160799999999998333e-03
1.286999999999999922e+01 -3.157200000000005835e-03
1.289000000000000057e+01 -3.153499999999996584e-03
1.291000000000000014e+01 -3.149699999999998334e-03
1.292999999999999972e+01 -3.145999999999996022e-03
1.294999999999999929e+01 -3.142300000000000648e-03
1.297000000000000064e+01 -3.138499999999995460e-03
1.299000000000000021e+01 -3.134600000000001274e-03
1.300999999999999979e+01 -3.130700000000000149e-03
1.302999999999999936e+01 -3.126699999999996149e-03
1.305000000000000071e+01 -3.122799999999995024e-03
1.307000000000000028e+01 -3.118800000000004902e-03
1.308999999999999986e+01 -3.114800000000000901e-03
1.310999999999999943e+01 -3.110600000000005028e-03
1.313000000000000078e+01 -3.106500000000012029e-03
1.315000000000000036e+01 -3.102300000000002278e-03
1.316999999999999993e+01 -3.098099999999999465e-03
1.318999999999999950e+01 -3.093900000000003592e-03
1.321000000000000085e+01 -3.089500000000015845e-03
1.323000000000000043e+01 -3.085199999999996279e-03
1.325000000000000000e+01 -3.080799999999994654e-03
1.326999999999999957e+01 -3.076399999999999968e-03
1.328999999999999915e+01 -3.071899999999995468e-03
1.331000000000000050e+01 -3.067399999999997906e-03
1.333000000000000007e+01 -3.062799999999997469e-03
1.334999999999999964e+01 -3.058200000000003971e-03
1.336999999999999922e+01 -3.053599999999996595e-03
1.339000000000000057e+01 -3.048900000000000221e-03
1.341000000000000014e+01 -3.044100000000000972e-03
1.342999999999999972e+01 -3.039299999999994784e-03
1.344999999999999929e+01 -3.034499999999995534e-03
1.347000000000000064e+01 -3.029700000000003224e-03
1.349000000000000021e+01 -3.024700000000005162e-03
1.350999999999999979e+01 -3.019700000000000162e-03
1.352999999999999936e+01 -3.014799999999998037e-03
1.355000000000000071e+01 -3.009600000000001163e-03
1.357000000000000028e+01 -3.004599999999996163e-03
1.358999999999999986e+01 -2.999400000000006228e-03
1.360999999999999943e+01 -2.994099999999999540e-03
1.363000000000000078e+01 -2.988900000000016544e-03
1.365000000000000036e+01 -2.983699999999998853e-03
1.366999999999999993e+01 -2.978300000000003167e-03
1.368999999999999950e+01 -2.972800000000004605e-03
1.371000000000000085e+01 -2.967400000000008919e-03
1.373000000000000043e+01 -2.961899999999996480e-03
1.375000000000000000e+01 -2.956299999999995043e-03
1.376999999999999957e+01 -2.950799999999996481e-03
1.378999999999999915e+01 -2.945000000000003171e-03
1.381000000000000050e+01 -2.939399999999994795e-03
1.383000000000000007e+01 -2.933499999999998609e-03
1.384999999999999964e+01 -2.927800000000001235e-03
1.386999999999999922e+01 -2.921899999999998110e-03
1.389000000000000057e+01 -2.916000000000001924e-03
1.391000000000000014e+01 -2.910000000000002862e-03
1.392999999999999972e+01 -2.904000000000003801e-03
1.394999999999999929e+01 -2.897900000000001863e-03
1.397000000000000064e+01 -2.891799999999999926e-03
1.399000000000000021e+01 -2.885599999999995113e-03
1.400999999999999979e+01 -2.879299999999994364e-03
1.402999999999999936e+01 -2.873000000000000553e-03
1.405000000000000071e+01 -2.866699999999999804e-03
1.407000000000000028e+01 -2.860299999999996179e-03
1.408999999999999986e+01 -2.853800000000003556e-03
1.410999999999999943e+01 -2.847300000000003994e-03
1.413000000000000078e+01 -2.840700000000015435e-03
1.415000000000000036e+01 -2.834100000000006059e-03
1.416999999999999993e+01 -2.827400000000000746e-03
1.418999999999999950e+01 -2.820599999999999496e-03
1.421000000000000085e+01 -2.813800000000019064e-03
1.423000000000000043e+01 -2.807000000000003936e-03
1.425000000000000000e+01 -2.800099999999999811e-03
1.426999999999999957e+01 -2.793099999999999750e-03
1.428999999999999915e+01 -2.785999999999996812e-03
1.431000000000000050e+01 -2.778900000000000814e-03
1.433000000000000007e+01 -2.771700000000001940e-03
1.434999999999999964e+01 -2.764500000000003066e-03
1.436999999999999922e+01 -2.757299999999997253e-03
1.439000000000000057e+01 -2.749899999999999567e-03
1.441000000000000014e+01 -2.742500000000001881e-03
1.442999999999999972e+01 -2.735000000000001319e-03
1.444999999999999929e+01 -2.727500000000000757e-03
1.447000000000000064e+01 -2.719899999999997320e-03
1.449000000000000021e+01 -2.712199999999997946e-03
1.450999999999999979e+01 -2.704499999999998572e-03
1.452999999999999936e+01 -2.696699999999996322e-03
1.455000000000000071e+01 -2.688899999999994073e-03
1.457000000000000028e+01 -2.680999999999995886e-03
1.458999999999999986e+01 -2.673000000000001763e-03
1.460999999999999943e+01 -2.665000000000000702e-03
1.463000000000000078e+01 -2.656900000000003703e-03
1.465000000000000036e+01 -2.648700000000003829e-03
1.466999999999999993e+01 -2.640499999999997016e-03
1.468999999999999950e+01 -2.632200000000001205e-03
1.471000000000000085e+01 -2.623800000000002519e-03
1.473000000000000043e+01 -2.615399999999996894e-03
1.475000000000000000e+01 -2.606799999999999395e-03
1.476999999999999957e+01 -2.598400000000000709e-03
1.478999999999999915e+01 -2.589700000000000335e-03
1.481000000000000050e+01 -2.580999999999999961e-03
1.483000000000000007e+01 -2.572199999999996711e-03
1.484999999999999964e+01 -2.563299999999997525e-03
1.486999999999999922e+01 -2.554499999999994275e-03
1.489000000000000057e+01 -2.545500000000006091e-03
1.491000000000000014e+01 -2.536399999999994215e-03
1.492999999999999972e+01 -2.527399999999999092e-03
1.494999999999999929e+01 -2.518199999999998218e-03
1.497000000000000064e+01 -2.508900000000001407e-03
1.499000000000000021e+01 -2.499500000000001720e-03
1.500999999999999979e+01 -2.490100000000002034e-03
1.502999999999999936e+01 -2.480699999999995409e-03
1.505000000000000071e+01 -2.471099999999996910e-03
1.507000000000000028e+01 -2.461600000000001287e-03
1.508999999999999986e+01 -2.451899999999999913e-03
1.510999999999999943e+01 -2.442100000000002602e-03
1.513000000000000078e+01 -2.432200000000009354e-03
1.515000000000000036e+01 -2.422300000000002229e-03
1.516999999999999993e+01 -2.412400000000002043e-03
1.518999999999999950e+01 -2.402200000000000168e-03
1.521000000000000085e+01 -2.392100000000008109e-03
1.523000000000000043e+01 -2.382000000000002171e-03
1.525000000000000000e+01 -2.371599999999994546e-03
1.526999999999999957e+01 -2.361299999999996735e-03
1.528999999999999915e+01 -2.350900000000002987e-03
1.531000000000000050e+01 -2.340299999999996550e-03
1.533000000000000007e+01 -2.329699999999997051e-03
1.534999999999999964e+01 -2.319100000000004491e-03
1.536999999999999922e+01 -2.308299999999999241e-03
1.539000000000000057e+01 -2.297599999999996867e-03
1.541000000000000014e+01 -2.286599999999999744e-03
1.542999999999999972e+01 -2.275600000000002621e-03
1.544999999999999929e+01 -2.264499999999995683e-03
1.547000000000000064e+01 -2.253399999999995684e-03
1.549000000000000021e+01 -2.242199999999999749e-03
1.550999999999999979e+01 -2.230900000000000938e-03
1.552999999999999936e+01 -2.219499999999999251e-03
1.555000000000000071e+01 -2.208100000000004504e-03
1.557000000000000028e+01 -2.196500000000004005e-03
1.558999999999999986e+01 -2.184900000000000037e-03
1.560999999999999943e+01 -2.173100000000000726e-03
1.563000000000000078e+01 -2.161400000000004290e-03
1.565000000000000036e+01 -2.149500000000002103e-03
1.566999999999999993e+01 -2.137499999999997041e-03
1.568999999999999950e+01 -2.125499999999995449e-03
1.571000000000000085e+01 -2.113400000000008327e-03
1.573000000000000043e+01 -2.101100000000001577e-03
1.575000000000000000e+01 -2.088900000000001173e-03
1.576999999999999957e+01 -2.076599999999997892e-03
1.578999999999999915e+01 -2.064099999999999269e-03
1.581000000000000050e+01 -2.051500000000001239e-03
1.583000000000000007e+01 -2.038799999999996865e-03
1.584999999999999964e+01 -2.026200000000002305e-03
1.586999999999999922e+01 -2.013299999999995649e-03
1.589000000000000057e+01 -2.000500000000002276e-03
1.591000000000000014e+01 -1.987499999999996214e-03
1.592999999999999972e+01 -1.974400000000001154e-03
1.594999999999999929e+01 -1.961199999999996280e-03
1.597000000000000064e+01 -1.948000000000001813e-03
1.599000000000000021e+01 -1.934700000000001002e-03
1.601000000000000156e+01 -1.921200000000008318e-03
1.603000000000000114e+01 -1.907700000000008694e-03
1.605000000000000071e+01 -1.894100000000002726e-03
1.607000000000000028e+01 -1.880400000000000821e-03
1.608999999999999986e+01 -1.866599999999999510e-03
1.610999999999999943e+01 -1.852700000000002262e-03
1.612999999999999901e+01 -1.838699999999998669e-03
1.614999999999999858e+01 -1.824699999999998545e-03
1.617000000000000171e+01 -1.810600000000012894e-03
1.619000000000000128e+01 -1.796300000000000674e-03
1.621000000000000085e+01 -1.781899999999999457e-03
1.623000000000000043e+01 -1.767499999999998239e-03
1.625000000000000000e+01 -1.752900000000001679e-03
1.626999999999999957e+01 -1.738400000000001056e-03
1.628999999999999915e+01 -1.723600000000002214e-03
1.630999999999999872e+01 -1.708799999999999902e-03
1.632999999999999829e+01 -1.693899999999998185e-03
1.635000000000000142e+01 -1.678800000000001125e-03
1.637000000000000099e+01 -1.663700000000000595e-03
1.639000000000000057e+01 -1.648600000000000065e-03
1.641000000000000014e+01 -1.633300000000000723e-03
1.642999999999999972e+01 -1.617899999999998506e-03
1.644999999999999929e+01 -1.602400000000000352e-03
1.646999999999999886e+01 -1.586799999999999322e-03
1.648999999999999844e+01 -1.571100000000002356e-03
1.651000000000000156e+01 -1.555300000000002514e-03
1.653000000000000114e+01 -1.539399999999999796e-03
1.655000000000000071e+01 -1.523500000000000548e-03
1.657000000000000028e+01 -1.507399999999999018e-03
1.658999999999999986e+01 -1.491199999999998083e-03
1.660999999999999943e+01 -1.474900000000001210e-03
1.662999999999999901e+01 -1.458500000000001462e-03
1.664999999999999858e+01 -1.441999999999998838e-03
1.667000000000000171e+01 -1.425400000000014156e-03
1.669000000000000128e+01 -1.408700000000002311e-03
1.671000000000000085e+01 -1.391900000000001469e-03
1.673000000000000043e+01 -1.374999999999997752e-03
1.675000000000000000e+01 -1.358000000000001567e-03
1.676999999999999957e+01 -1.340899999999999037e-03
1.678999999999999915e+01 -1.323599999999997695e-03
1.680999999999999872e+01 -1.306399999999999229e-03
1.682999999999999829e+01 -1.288900000000002544e-03
1.685000000000000142e+01 -1.271400000000002389e-03
1.687000000000000099e+01 -1.253699999999999953e-03
1.689000000000000057e+01 -1.236000000000000987e-03
1.691000000000000014e+01 -1.218100000000003208e-03
1.692999999999999972e+01 -1.200200000000001960e-03
1.694999999999999929e+01 -1.182199999999997836e-03
1.696999999999999886e+01 -1.163900000000002433e-03
1.698999999999999844e+01 -1.145699999999999497e-03
1.701000000000000156e+01 -1.127200000000001812e-03
1.703000000000000114e+01 -1.108800000000000063e-03
1.705000000000000071e+01 -1.090199999999999503e-03
1.707000000000000028e+01 -1.071499999999999536e-03
1.708999999999999986e+01 -1.052600000000000757e-03
1.710999999999999943e+01 -1.033699999999998509e-03
1.712999999999999901e+01 -1.014700000000000324e-03
1.714999999999999858e+01 -9.954999999999998572e-04
1.717000000000000171e+01 -9.762000000000103928e-04
1.719000000000000128e+01 -9.569000000000001116e-04
1.721000000000000085e+01 -9.372999999999985510e-04
1.723000000000000043e+01 -9.177000000000004598e-04
1.725000000000000000e+01 -8.980000000000029625e-04
1.726999999999999957e+01 -8.782000000000025897e-04
1.728999999999999915e+01 -8.581999999999999351e-04
1.730999999999999872e+01 -8.380999999999978745e-04
1.732999999999999829e+01 -8.178999999999998771e-04
1.735000000000000142e+01 -7.975999999999990042e-04
1.737000000000000099e+01 -7.771999999999987252e-04
1.739000000000000057e+01 -7.565999999999996339e-04
1.741000000000000014e+01 -7.360000000000005427e-04
1.742999999999999972e+01 -7.151999999999991697e-04
1.744999999999999929e+01 -6.943999999999977968e-04
1.746999999999999886e+01 -6.732999999999982055e-04
1.748999999999999844e+01 -6.521999999999986142e-04
1.751000000000000156e+01 -6.309999999999996168e-04
1.753000000000000114e+01 -6.095999999999983376e-04
1.755000000000000071e+01 -5.881000000000011219e-04
1.757000000000000028e+01 -5.666000000000004366e-04
1.758999999999999986e+01 -5.447999999999980636e-04
1.760999999999999943e+01 -5.228999999999997539e-04
1.762999999999999901e+01 -5.009000000000020381e-04
1.764999999999999858e+01 -4.788999999999973833e-04
1.767000000000000171e+01 -4.567000000000112636e-04
1.769000000000000128e+01 -4.344000000000014516e-04
1.771000000000000085e+01 -4.118999999999997663e-04
1.773000000000000043e+01 -3.893999999999980810e-04
1.775000000000000000e+01 -3.665999999999981773e-04
1.776999999999999957e+01 -3.438000000000017431e-04
1.778999999999999915e+01 -3.208999999999989639e-04
1.780999999999999872e+01 -2.978000000000008418e-04
1.782999999999999829e+01 -2.745999999999998442e-04
1.785000000000000142e+01 -2.512999999999994405e-04
1.787000000000000099e+01 -2.278000000000002245e-04
1.789000000000000057e+01 -2.041999999999981330e-04
1.791000000000000014e+01 -1.805000000000001048e-04
1.792999999999999972e+01 -1.566999999999992010e-04
1.794999999999999929e+01 -1.326999999999994850e-04
1.796999999999999886e+01 -1.086999999999997690e-04
1.798999999999999844e+01 -8.450000000000124079e-05
1.801000000000000156e+01 -6.000000000000102474e-05
1.803000000000000114e+01 -3.560000000000021481e-05
1.805000000000000071e+01 -1.100000000000059264e-05
1.807000000000000028e+01 1.379999999999784177e-05
1.808999999999999986e+01 3.869999999999915175e-05
1.810999999999999943e+01 6.369999999999986784e-05
1.812999999999999901e+01 8.870000000000058393e-05
1.814999999999999858e+01 1.139999999999995184e-04
1.817000000000000171e+01 1.393999999999909201e-04
1.819000000000000128e+01 1.648999999999990751e-04
1.821000000000000085e+01 1.905999999999991035e-04
1.823000000000000043e+01 2.164000000000020074e-04
1.825000000000000000e+01 2.422999999999973786e-04
1.826999999999999957e+01 2.683999999999985009e-04
1.828999999999999915e+01 2.946000000000024988e-04
1.830999999999999872e+01 3.209999999999983700e-04
1.832999999999999829e+01 3.474000000000011801e-04
1.835000000000000142e+01 3.740999999999987391e-04
1.837000000000000099e+01 4.007999999999997676e-04
1.839000000000000057e+01 4.276999999999996083e-04
1.841000000000000014e+01 4.546999999999988551e-04
1.842999999999999972e+01 4.817999999999975080e-04
1.844999999999999929e+01 5.091999999999978488e-04
1.846999999999999886e+01 5.365999999999981895e-04
1.848999999999999844e+01 5.642000000000008120e-04
1.851000000000000156e+01 5.918999999999993711e-04
1.853000000000000114e+01 6.197000000000008058e-04
1.855000000000000071e+01 6.476999999999975832e-04
1.857000000000000028e+01 6.758000000000007057e-04
1.858999999999999986e+01 7.041999999999985771e-04
1.860999999999999943e+01 7.325000000000005118e-04
1.862999999999999901e+01 7.610999999999971954e-04
1.864999999999999858e+01 7.898000000000002241e-04
1.867000000000000171e+01 8.186999999999881872e-04
1.869000000000000128e+01 8.476999999999998425e-04
1.871000000000000085e+01 8.768000000000004956e-04
1.873000000000000043e+01 9.060999999999999610e-04
1.875000000000000000e+01 9.354999999999988325e-04
1.876999999999999957e+01 9.650000000000005795e-04
1.878999999999999915e+01 9.948000000000005449e-04
1.880999999999999872e+01 1.024600000000000510e-03
1.882999999999999829e+01 1.054699999999998694e-03
1.885000000000000142e+01 1.084799999999996878e-03
1.887000000000000099e+01 1.115099999999997343e-03
1.889000000000000057e+01 1.145500000000000684e-03
1.891000000000000014e+01 1.176099999999999368e-03
1.892999999999999972e+01 1.206900000000000334e-03
1.894999999999999929e+01 1.237800000000000705e-03
1.896999999999999886e+01 1.268899999999999889e-03
1.898999999999999844e+01 1.299999999999999073e-03
1.901000000000000156e+01 1.331300000000000539e-03
1.903000000000000114e+01 1.362800000000000816e-03
1.905000000000000071e+01 1.394499999999999906e-03
1.907000000000000028e+01 1.426199999999998996e-03
1.908999999999999986e+01 1.458199999999999774e-03
1.910999999999999943e+01 1.490299999999999958e-03
1.912999999999999901e+01 1.522499999999999548e-03
1.914999999999999858e+01 1.554900000000001420e-03
1.917000000000000171e+01 1.587499999999991696e-03
1.919000000000000128e+01 1.620199999999998725e-03
1.921000000000000085e+01 1.653099999999997627e-03
1.923000000000000043e+01 1.686099999999999405e-03
1.925000000000000000e+01 1.719299999999999995e-03
1.926999999999999957e+01 1.752599999999999991e-03
1.928999999999999915e+01 1.786200000000001675e-03
1.930999999999999872e+01 1.819700000000000484e-03
1.932999999999999829e+01 1.853600000000000386e-03
1.935000000000000142e+01 1.887500000000000289e-03
1.937000000000000099e+01 1.921599999999999003e-03
1.939000000000000057e+01 1.955900000000000000e-03
1.941000000000000014e+01 1.990299999999996933e-03
1.942999999999999972e+01 2.024899999999999617e-03
1.944999999999999929e+01 2.059700000000001113e-03
1.946999999999999886e+01 2.094500000000002610e-03
1.948999999999999844e+01 2.129600000000002324e-03
1.951000000000000156e+01 2.164900000000000851e-03
1.953000000000000114e+01 2.200199999999999378e-03
1.955000000000000071e+01 2.235799999999999593e-03
1.957000000000000028e+01 2.271500000000002684e-03
1.958999999999999986e+01 2.307400000000001117e-03
1.960999999999999943e+01 2.343399999999998956e-03
1.962999999999999901e+01 2.379600000000002546e-03
1.964999999999999858e+01 2.415999999999998010e-03
1.967000000000000171e+01 2.452499999999992880e-03
1.969000000000000128e+01 2.489200000000000440e-03
1.971000000000000085e+01 2.526000000000000467e-03
1.973000000000000043e+01 2.563099999999998713e-03
1.975000000000000000e+01 2.600200000000000428e-03
1.976999999999999957e+01 2.637500000000000955e-03
1.978999999999999915e+01 2.675099999999999700e-03
1.980999999999999872e+01 2.712799999999997852e-03
1.982999999999999829e+01 2.750700000000001755e-03
1.985000000000000142e+01 2.788599999999998719e-03
1.987000000000000099e+01 2.826899999999998511e-03
1.989000000000000057e+01 2.865200000000000038e-03
1.991000000000000014e+01 2.903700000000002113e-03
1.992999999999999972e+01 2.942299999999998389e-03
1.994999999999999929e+01 2.981200000000001557e-03
1.996999999999999886e+01 3.020200000000000662e-03
1.998999999999999844e+01 3.059500000000001455e-03
