1.100000000000000006e-01 -7.000000000001449507e-05
1.300000000000000044e-01 -1.400000000000289901e-04
1.499999999999999944e-01 -1.999999999999779732e-04
1.700000000000000122e-01 -2.699999999999924682e-04
1.900000000000000022e-01 -3.400000000000069633e-04
2.099999999999999922e-01 -4.100000000000214584e-04
2.300000000000000100e-01 -4.799999999995918643e-04
2.500000000000000000e-01 -5.399999999999849365e-04
2.700000000000000178e-01 -6.099999999999994316e-04
2.899999999999999800e-01 -6.699999999999484146e-04
3.099999999999999978e-01 -7.399999999999629097e-04
3.300000000000000155e-01 -7.999999999999118927e-04
3.499999999999999778e-01 -8.599999999998608757e-04
3.699999999999999956e-01 -9.300000000003194600e-04
3.900000000000000133e-01 -9.900000000002684430e-04
4.099999999999999756e-01 -1.049999999999773337e-03
4.299999999999999933e-01 -1.119999999999787832e-03
4.500000000000000111e-01 -1.170000000000115392e-03
4.699999999999999734e-01 -1.240000000000129887e-03
4.899999999999999911e-01 -1.290000000000013358e-03
5.100000000000000089e-01 -1.360000000000027853e-03
5.300000000000000266e-01 -1.409999999999911324e-03
5.500000000000000444e-01 -1.479999999999925819e-03
5.699999999999999512e-01 -1.529999999999809290e-03
5.899999999999999689e-01 -1.590000000000202363e-03
6.099999999999999867e-01 -1.650000000000151346e-03
6.300000000000000044e-01 -1.700000000000034817e-03
6.500000000000000222e-01 -1.759999999999983800e-03
6.700000000000000400e-01 -1.809999999999867271e-03
6.899999999999999467e-01 -1.869999999999816254e-03
7.099999999999999645e-01 -1.920000000000143814e-03
7.299999999999999822e-01 -1.980000000000092797e-03
7.500000000000000000e-01 -2.029999999999976268e-03
7.700000000000000178e-01 -2.089999999999925251e-03
7.900000000000000355e-01 -2.130000000000187299e-03
8.100000000000000533e-01 -2.180000000000070770e-03
8.299999999999999600e-01 -2.229999999999954241e-03
8.499999999999999778e-01 -2.279999999999837712e-03
8.699999999999999956e-01 -2.339999999999786695e-03
8.900000000000000133e-01 -2.390000000000114255e-03
9.100000000000000311e-01 -2.429999999999932214e-03
9.300000000000000488e-01 -2.480000000000037730e-03
9.499999999999999556e-01 -2.520000000000077733e-03
9.699999999999999734e-01 -2.569999999999961204e-03
9.899999999999999911e-01 -2.620000000000066720e-03
1.010000000000000009e+00 -2.669999999999950191e-03
1.030000000000000027e+00 -2.709999999999990195e-03
1.050000000000000044e+00 -2.760000000000095710e-03
1.070000000000000062e+00 -2.799999999999913669e-03
1.090000000000000080e+00 -2.839999999999953673e-03
1.110000000000000098e+00 -2.890000000000059188e-03
1.129999999999999893e+00 -2.929999999999655103e-03
1.149999999999999911e+00 -2.969999999999695106e-03
1.169999999999999929e+00 -3.009999999999735110e-03
1.189999999999999947e+00 -3.049999999999775113e-03
1.209999999999999964e+00 -3.089999999999815117e-03
1.229999999999999982e+00 -3.130000000000077165e-03
1.250000000000000000e+00 -3.169999999999895124e-03
1.270000000000000018e+00 -3.199999999999869615e-03
1.290000000000000036e+00 -3.250000000000197176e-03
1.310000000000000053e+00 -3.280000000000171667e-03
1.330000000000000071e+00 -3.319999999999989626e-03
1.350000000000000089e+00 -3.360000000000029630e-03
1.370000000000000107e+00 -3.389999999999782077e-03
1.389999999999999902e+00 -3.419999999999756568e-03
1.409999999999999920e+00 -3.459999999999796572e-03
1.429999999999999938e+00 -3.489999999999771063e-03
1.449999999999999956e+00 -3.529999999999811067e-03
1.469999999999999973e+00 -3.560000000000007603e-03
1.489999999999999991e+00 -3.589999999999982094e-03
1.510000000000000009e+00 -3.619999999999956586e-03
1.530000000000000027e+00 -3.649999999999931077e-03
1.550000000000000044e+00 -3.679999999999905569e-03
1.570000000000000062e+00 -3.709999999999880060e-03
1.590000000000000080e+00 -3.740000000000076597e-03
1.610000000000000098e+00 -3.769999999999829043e-03
1.629999999999999893e+00 -3.799999999999803535e-03
1.649999999999999911e+00 -3.819999999999934559e-03
1.669999999999999929e+00 -3.849999999999909051e-03
1.689999999999999947e+00 -3.879999999999661497e-03
1.709999999999999964e+00 -3.899999999999792522e-03
1.729999999999999982e+00 -3.919999999999923546e-03
1.750000000000000000e+00 -3.949999999999898037e-03
1.770000000000000018e+00 -3.980000000000094573e-03
1.790000000000000036e+00 -4.000000000000003553e-03
1.810000000000000053e+00 -4.020000000000134577e-03
1.830000000000000071e+00 -4.039999999999821512e-03
1.850000000000000089e+00 -4.070000000000018048e-03
1.870000000000000107e+00 -4.090000000000149072e-03
1.889999999999999902e+00 -4.109999999999613962e-03
1.909999999999999920e+00 -4.129999999999744986e-03
1.929999999999999938e+00 -4.159999999999719478e-03
1.949999999999999956e+00 -4.169999999999784990e-03
1.969999999999999973e+00 -4.190000000000138058e-03
1.989999999999999991e+00 -4.210000000000047038e-03
2.009999999999999787e+00 -4.229999999999733973e-03
2.029999999999999805e+00 -4.239999999999799485e-03
2.049999999999999822e+00 -4.259999999999708464e-03
2.069999999999999840e+00 -4.279999999999839488e-03
2.089999999999999858e+00 -4.289999999999682956e-03
2.109999999999999876e+00 -4.310000000000036025e-03
2.129999999999999893e+00 -4.319999999999879492e-03
2.149999999999999911e+00 -4.340000000000010516e-03
2.169999999999999929e+00 -4.359999999999919496e-03
2.189999999999999947e+00 -4.360000000000141540e-03
2.209999999999999964e+00 -4.380000000000050520e-03
2.229999999999999982e+00 -4.400000000000181544e-03
2.250000000000000000e+00 -4.399999999999959499e-03
2.270000000000000018e+00 -4.419999999999868479e-03
2.290000000000000036e+00 -4.429999999999933991e-03
2.310000000000000053e+00 -4.439999999999999503e-03
2.330000000000000071e+00 -4.450000000000065015e-03
2.350000000000000089e+00 -4.460000000000130527e-03
2.370000000000000107e+00 -4.470000000000418083e-03
2.390000000000000124e+00 -4.480000000000261551e-03
2.410000000000000142e+00 -4.490000000000105018e-03
2.430000000000000160e+00 -4.500000000000170530e-03
2.450000000000000178e+00 -4.510000000000236042e-03
2.470000000000000195e+00 -4.510000000000236042e-03
2.490000000000000213e+00 -4.524000000000194532e-03
2.509999999999999787e+00 -4.527000000000058755e-03
2.529999999999999805e+00 -4.533999999999926978e-03
2.549999999999999822e+00 -4.539999999999988489e-03
2.569999999999999840e+00 -4.545000000000021245e-03
2.589999999999999858e+00 -4.550000000000054001e-03
2.609999999999999876e+00 -4.556000000000004491e-03
2.629999999999999893e+00 -4.561000000000037247e-03
2.649999999999999911e+00 -4.565000000000041247e-03
2.669999999999999929e+00 -4.568999999999934225e-03
2.689999999999999947e+00 -4.573000000000049248e-03
2.709999999999999964e+00 -4.576000000000024492e-03
2.729999999999999982e+00 -4.578999999999999737e-03
2.750000000000000000e+00 -4.582000000000086004e-03
2.770000000000000018e+00 -4.584000000000032493e-03
2.790000000000000036e+00 -4.585999999999978982e-03
2.810000000000000053e+00 -4.588000000000036493e-03
2.830000000000000071e+00 -4.589999999999982983e-03
2.850000000000000089e+00 -4.590000000000205027e-03
2.870000000000000107e+00 -4.592000000000151516e-03
2.890000000000000124e+00 -4.592000000000040494e-03
2.910000000000000142e+00 -4.592000000000151516e-03
2.930000000000000160e+00 -4.592000000000040494e-03
2.950000000000000178e+00 -4.591000000000122760e-03
2.970000000000000195e+00 -4.591000000000122760e-03
2.990000000000000213e+00 -4.590000000000094005e-03
3.009999999999999787e+00 -4.588999999999954227e-03
3.029999999999999805e+00 -4.587000000000007738e-03
3.049999999999999822e+00 -4.586000000000090004e-03
3.069999999999999840e+00 -4.583000000000003737e-03
3.089999999999999858e+00 -4.581000000000057248e-03
3.109999999999999876e+00 -4.578999999999999737e-03
3.129999999999999893e+00 -4.576000000000024492e-03
3.149999999999999911e+00 -4.572999999999938225e-03
3.169999999999999929e+00 -4.569999999999962981e-03
3.189999999999999947e+00 -4.566999999999987736e-03
3.209999999999999964e+00 -4.562999999999983736e-03
3.229999999999999982e+00 -4.558000000000062002e-03
3.250000000000000000e+00 -4.553999999999946979e-03
3.270000000000000018e+00 -4.550999999999971735e-03
3.290000000000000036e+00 -4.546000000000050001e-03
3.310000000000000053e+00 -4.541000000000017245e-03
3.330000000000000071e+00 -4.535999999999984489e-03
3.350000000000000089e+00 -4.531000000000062755e-03
3.370000000000000107e+00 -4.525000000000112266e-03
3.390000000000000124e+00 -4.520000000000079510e-03
3.410000000000000142e+00 -4.515000000000157776e-03
3.430000000000000160e+00 -4.509000000000207287e-03
3.450000000000000178e+00 -4.502000000000117019e-03
3.470000000000000195e+00 -4.496000000000055508e-03
3.490000000000000213e+00 -4.490000000000105018e-03
3.509999999999999787e+00 -4.483000000000014751e-03
3.529999999999999805e+00 -4.476000000000035506e-03
3.549999999999999822e+00 -4.469000000000056261e-03
3.569999999999999840e+00 -4.462999999999994749e-03
3.589999999999999858e+00 -4.454999999999986748e-03
3.609999999999999876e+00 -4.448000000000007503e-03
3.629999999999999893e+00 -4.439999999999999503e-03
3.649999999999999911e+00 -4.433000000000020258e-03
3.669999999999999929e+00 -4.425000000000012257e-03
3.689999999999999947e+00 -4.415999999999975500e-03
3.709999999999999964e+00 -4.408999999999996255e-03
3.729999999999999982e+00 -4.400999999999988255e-03
3.750000000000000000e+00 -4.392999999999980254e-03
3.770000000000000018e+00 -4.383000000000025764e-03
3.790000000000000036e+00 -4.375000000000017764e-03
3.810000000000000053e+00 -4.365999999999981007e-03
3.830000000000000071e+00 -4.357999999999973006e-03
3.850000000000000089e+00 -4.349000000000158295e-03
3.870000000000000107e+00 -4.340000000000121538e-03
3.890000000000000124e+00 -4.331000000000084782e-03
3.910000000000000142e+00 -4.321000000000019270e-03
3.930000000000000160e+00 -4.312000000000093536e-03
3.950000000000000178e+00 -4.303000000000167802e-03
3.970000000000000195e+00 -4.294000000000131045e-03
3.990000000000000213e+00 -4.284000000000065533e-03
4.009999999999999787e+00 -4.274000000000000021e-03
4.030000000000000249e+00 -4.265000000000074287e-03
4.049999999999999822e+00 -4.255000000000008775e-03
4.070000000000000284e+00 -4.244000000000136552e-03
4.089999999999999858e+00 -4.234999999999988773e-03
4.110000000000000320e+00 -4.224000000000227573e-03
4.129999999999999893e+00 -4.214999999999968772e-03
4.150000000000000355e+00 -4.204000000000207571e-03
4.169999999999999929e+00 -4.193999999999975525e-03
4.190000000000000391e+00 -4.184000000000187569e-03
4.209999999999999964e+00 -4.174000000000011035e-03
4.230000000000000426e+00 -4.163000000000138812e-03
4.250000000000000000e+00 -4.153000000000017788e-03
4.269999999999999574e+00 -4.142000000000034543e-03
4.290000000000000036e+00 -4.131000000000051298e-03
4.309999999999999609e+00 -4.120999999999985786e-03
4.330000000000000071e+00 -4.110000000000002540e-03
4.349999999999999645e+00 -4.099000000000019295e-03
4.370000000000000107e+00 -4.087999999999980538e-03
4.389999999999999680e+00 -4.077999999999970537e-03
4.410000000000000142e+00 -4.066999999999987292e-03
4.429999999999999716e+00 -4.056000000000004047e-03
4.450000000000000178e+00 -4.044999999999965290e-03
4.469999999999999751e+00 -4.033999999999982045e-03
4.490000000000000213e+00 -4.023000000000054310e-03
4.509999999999999787e+00 -4.012999999999988798e-03
4.530000000000000249e+00 -4.000999999999976797e-03
4.549999999999999822e+00 -3.989999999999993552e-03
4.570000000000000284e+00 -3.979000000000010306e-03
4.589999999999999858e+00 -3.967999999999971550e-03
4.610000000000000320e+00 -3.956000000000181593e-03
4.629999999999999893e+00 -3.944999999999976303e-03
4.650000000000000355e+00 -3.934000000000104080e-03
4.669999999999999929e+00 -3.922999999999954301e-03
4.690000000000000391e+00 -3.912000000000082078e-03
4.709999999999999964e+00 -3.900999999999987811e-03
4.730000000000000426e+00 -3.889000000000142343e-03
4.750000000000000000e+00 -3.877999999999992564e-03
4.769999999999999574e+00 -3.867000000000009319e-03
4.790000000000000036e+00 -3.856000000000026073e-03
4.809999999999999609e+00 -3.843999999999958561e-03
4.830000000000000071e+00 -3.832999999999975316e-03
4.849999999999999645e+00 -3.821999999999992070e-03
4.870000000000000107e+00 -3.811000000000008825e-03
4.889999999999999680e+00 -3.798999999999996824e-03
4.910000000000000142e+00 -3.788000000000013578e-03
4.929999999999999716e+00 -3.776999999999974822e-03
4.950000000000000178e+00 -3.765999999999991577e-03
4.969999999999999751e+00 -3.753999999999979575e-03
4.990000000000000213e+00 -3.742999999999996330e-03
5.009999999999999787e+00 -3.731999999999957573e-03
5.030000000000000249e+00 -3.721000000000029839e-03
5.049999999999999822e+00 -3.709999999999991083e-03
5.070000000000000284e+00 -3.697999999999979082e-03
5.089999999999999858e+00 -3.686999999999995836e-03
5.110000000000000320e+00 -3.676000000000123613e-03
5.129999999999999893e+00 -3.665000000000029345e-03
5.150000000000000355e+00 -3.653000000000128367e-03
5.169999999999999929e+00 -3.641999999999978588e-03
5.190000000000000391e+00 -3.632000000000135120e-03
5.209999999999999964e+00 -3.620000000000012097e-03
5.230000000000000426e+00 -3.609000000000084363e-03
5.250000000000000000e+00 -3.596999999999961339e-03
5.269999999999999574e+00 -3.587000000000006850e-03
5.290000000000000036e+00 -3.576000000000023604e-03
5.309999999999999609e+00 -3.564999999999984848e-03
5.330000000000000071e+00 -3.552999999999972847e-03
5.349999999999999645e+00 -3.542999999999962846e-03
5.370000000000000107e+00 -3.531999999999979600e-03
5.389999999999999680e+00 -3.520999999999996355e-03
5.410000000000000142e+00 -3.510000000000013110e-03
5.429999999999999716e+00 -3.498999999999974353e-03
5.450000000000000178e+00 -3.487999999999991108e-03
5.469999999999999751e+00 -3.478000000000036618e-03
5.490000000000000213e+00 -3.466000000000024617e-03
5.509999999999999787e+00 -3.456000000000014616e-03
5.530000000000000249e+00 -3.445000000000031370e-03
5.549999999999999822e+00 -3.433999999999992614e-03
5.570000000000000284e+00 -3.424000000000038124e-03
5.589999999999999858e+00 -3.412999999999999368e-03
5.610000000000000320e+00 -3.402000000000127145e-03
5.629999999999999893e+00 -3.392000000000006121e-03
5.650000000000000355e+00 -3.381000000000133898e-03
5.669999999999999929e+00 -3.371000000000012875e-03
5.690000000000000391e+00 -3.360000000000140652e-03
5.709999999999999964e+00 -3.350000000000019629e-03
5.730000000000000426e+00 -3.339000000000036383e-03
5.750000000000000000e+00 -3.329000000000026382e-03
5.769999999999999574e+00 -3.319000000000016382e-03
5.790000000000000036e+00 -3.307999999999977625e-03
5.809999999999999609e+00 -3.298000000000023135e-03
5.830000000000000071e+00 -3.288000000000013134e-03
5.849999999999999645e+00 -3.276999999999974378e-03
5.870000000000000107e+00 -3.266999999999964377e-03
5.889999999999999680e+00 -3.257000000000009887e-03
5.910000000000000142e+00 -3.246999999999999886e-03
5.929999999999999716e+00 -3.236999999999989885e-03
5.950000000000000178e+00 -3.226999999999979885e-03
5.969999999999999751e+00 -3.216999999999997639e-03
5.990000000000000213e+00 -3.206999999999987638e-03
6.009999999999999787e+00 -3.197000000000005393e-03
6.030000000000000249e+00 -3.185999999999994392e-03
6.049999999999999822e+00 -3.177000000000013147e-03
6.070000000000000284e+00 -3.167000000000003146e-03
6.089999999999999858e+00 -3.156999999999993145e-03
6.110000000000000320e+00 -3.147000000000066411e-03
6.129999999999999893e+00 -3.137000000000000899e-03
6.150000000000000355e+00 -3.128000000000047409e-03
6.169999999999999929e+00 -3.119000000000010653e-03
6.190000000000000391e+00 -3.109000000000056163e-03
6.209999999999999964e+00 -3.099000000000018407e-03
6.230000000000000426e+00 -3.090000000000064917e-03
6.250000000000000000e+00 -3.081000000000000405e-03
6.269999999999999574e+00 -3.069999999999989404e-03
6.290000000000000036e+00 -3.061000000000008159e-03
6.309999999999999609e+00 -3.051000000000025913e-03
6.330000000000000071e+00 -3.041999999999989157e-03
6.349999999999999645e+00 -3.033000000000007912e-03
6.370000000000000107e+00 -3.023999999999998911e-03
6.389999999999999680e+00 -3.015000000000017666e-03
6.410000000000000142e+00 -3.006000000000008665e-03
6.429999999999999716e+00 -2.996999999999999664e-03
6.450000000000000178e+00 -2.987999999999990663e-03
6.469999999999999751e+00 -2.978000000000008418e-03
6.490000000000000213e+00 -2.968999999999999417e-03
6.509999999999999787e+00 -2.959999999999990417e-03
6.530000000000000249e+00 -2.951000000000009171e-03
6.549999999999999822e+00 -2.942000000000000171e-03
6.570000000000000284e+00 -2.933999999999992170e-03
6.589999999999999858e+00 -2.924000000000009925e-03
6.610000000000000320e+00 -2.916000000000057435e-03
6.629999999999999893e+00 -2.906999999999992923e-03
6.650000000000000355e+00 -2.899000000000068189e-03
6.669999999999999929e+00 -2.890000000000003677e-03
6.690000000000000391e+00 -2.881000000000050187e-03
6.709999999999999964e+00 -2.871999999999985675e-03
6.730000000000000426e+00 -2.864000000000060941e-03
6.750000000000000000e+00 -2.856000000000025185e-03
6.769999999999999574e+00 -2.847000000000016184e-03
6.790000000000000036e+00 -2.838999999999980428e-03
6.809999999999999609e+00 -2.831000000000000183e-03
6.830000000000000071e+00 -2.822000000000018938e-03
6.849999999999999645e+00 -2.813999999999983181e-03
6.870000000000000107e+00 -2.806000000000002936e-03
6.889999999999999680e+00 -2.797000000000021691e-03
6.910000000000000142e+00 -2.788999999999985935e-03
6.929999999999999716e+00 -2.781000000000005690e-03
6.950000000000000178e+00 -2.773000000000025445e-03
6.969999999999999751e+00 -2.764999999999989688e-03
6.990000000000000213e+00 -2.756999999999981688e-03
7.009999999999999787e+00 -2.748999999999973687e-03
7.030000000000000249e+00 -2.740999999999993442e-03
7.049999999999999822e+00 -2.732999999999985441e-03
7.070000000000000284e+00 -2.725000000000005196e-03
7.089999999999999858e+00 -2.716999999999997195e-03
7.110000000000000320e+00 -2.709000000000072461e-03
7.129999999999999893e+00 -2.701000000000008949e-03
7.150000000000000355e+00 -2.694000000000057460e-03
7.169999999999999929e+00 -2.685999999999993948e-03
7.190000000000000391e+00 -2.679000000000042458e-03
7.209999999999999964e+00 -2.670999999999978947e-03
7.230000000000000426e+00 -2.664000000000055213e-03
7.250000000000000000e+00 -2.655999999999991701e-03
7.269999999999999574e+00 -2.647999999999983700e-03
7.290000000000000036e+00 -2.641000000000004455e-03
7.309999999999999609e+00 -2.632999999999996454e-03
7.330000000000000071e+00 -2.626999999999990454e-03
7.349999999999999645e+00 -2.618000000000009209e-03
7.370000000000000107e+00 -2.612000000000003208e-03
7.389999999999999680e+00 -2.604999999999996207e-03
7.410000000000000142e+00 -2.596999999999988207e-03
7.429999999999999716e+00 -2.589999999999981206e-03
7.450000000000000178e+00 -2.583000000000001961e-03
7.469999999999999751e+00 -2.574999999999993960e-03
7.490000000000000213e+00 -2.569000000000015715e-03
7.509999999999999787e+00 -2.561999999999980959e-03
7.530000000000000249e+00 -2.554000000000000714e-03
7.549999999999999822e+00 -2.547999999999994714e-03
7.570000000000000284e+00 -2.541000000000015469e-03
7.589999999999999858e+00 -2.534000000000008468e-03
7.610000000000000320e+00 -2.527000000000029223e-03
7.629999999999999893e+00 -2.520000000000022222e-03
7.650000000000000355e+00 -2.514000000000043977e-03
7.669999999999999929e+00 -2.507000000000009221e-03
7.690000000000000391e+00 -2.500000000000029976e-03
7.709999999999999964e+00 -2.493999999999996220e-03
7.730000000000000426e+00 -2.487000000000016975e-03
7.750000000000000000e+00 -2.480999999999983219e-03
7.769999999999999574e+00 -2.473000000000002974e-03
7.790000000000000036e+00 -2.466999999999996973e-03
7.809999999999999609e+00 -2.460999999999990973e-03
7.830000000000000071e+00 -2.453999999999983972e-03
7.849999999999999645e+00 -2.447999999999977971e-03
7.870000000000000107e+00 -2.440999999999998726e-03
7.889999999999999680e+00 -2.435000000000020481e-03
7.910000000000000142e+00 -2.428999999999986725e-03
7.929999999999999716e+00 -2.422000000000007480e-03
7.950000000000000178e+00 -2.416000000000001480e-03
7.969999999999999751e+00 -2.409999999999995479e-03
7.990000000000000213e+00 -2.403999999999989479e-03
8.009999999999999787e+00 -2.398000000000011234e-03
8.029999999999999361e+00 -2.390999999999976477e-03
8.050000000000000711e+00 -2.386000000000026988e-03
8.070000000000000284e+00 -2.378999999999992232e-03
8.089999999999999858e+00 -2.373999999999987232e-03
8.109999999999999432e+00 -2.366999999999980231e-03
8.130000000000000782e+00 -2.362000000000058497e-03
8.150000000000000355e+00 -2.356000000000024741e-03
8.169999999999999929e+00 -2.349999999999990985e-03
8.189999999999999503e+00 -2.344000000000012740e-03
8.210000000000000853e+00 -2.339000000000035495e-03
8.230000000000000426e+00 -2.332000000000000739e-03
8.250000000000000000e+00 -2.326999999999995739e-03
8.269999999999999574e+00 -2.322000000000018494e-03
8.289999999999999147e+00 -2.314999999999983737e-03
8.310000000000000497e+00 -2.311000000000007493e-03
8.330000000000000071e+00 -2.304999999999987614e-03
8.349999999999999645e+00 -2.299000000000009369e-03
8.369999999999999218e+00 -2.294000000000004369e-03
8.390000000000000568e+00 -2.287999999999998368e-03
8.410000000000000142e+00 -2.281999999999992368e-03
8.429999999999999716e+00 -2.276999999999987367e-03
8.449999999999999289e+00 -2.270999999999995245e-03
8.470000000000000639e+00 -2.266000000000004122e-03
8.490000000000000213e+00 -2.260999999999999122e-03
8.509999999999999787e+00 -2.256000000000007999e-03
8.529999999999999361e+00 -2.250000000000001998e-03
8.550000000000000711e+00 -2.244999999999996998e-03
8.570000000000000284e+00 -2.239999999999991998e-03
8.589999999999999858e+00 -2.235000000000000875e-03
8.609999999999999432e+00 -2.228999999999994874e-03
8.630000000000000782e+00 -2.224000000000059263e-03
8.650000000000000355e+00 -2.218999999999998751e-03
8.669999999999999929e+00 -2.213999999999993751e-03
8.689999999999999503e+00 -2.209000000000002628e-03
8.710000000000000853e+00 -2.204000000000053139e-03
8.730000000000000426e+00 -2.199000000000006505e-03
8.750000000000000000e+00 -2.194000000000001505e-03
8.769999999999999574e+00 -2.189000000000010382e-03
8.789999999999999147e+00 -2.184999999999992504e-03
8.810000000000000497e+00 -2.179000000000000381e-03
8.830000000000000071e+00 -2.174999999999996381e-03
8.849999999999999645e+00 -2.170000000000005258e-03
8.869999999999999218e+00 -2.163999999999999257e-03
8.890000000000000568e+00 -2.160000000000009135e-03
8.910000000000000142e+00 -2.156000000000005135e-03
8.929999999999999716e+00 -2.150000000000013012e-03
8.949999999999999289e+00 -2.144999999999994134e-03
8.970000000000000639e+00 -2.140999999999990133e-03
8.990000000000000213e+00 -2.137000000000000011e-03
9.009999999999999787e+00 -2.131999999999995010e-03
9.029999999999999361e+00 -2.127000000000003888e-03
9.050000000000000711e+00 -2.122999999999999887e-03
9.070000000000000284e+00 -2.118000000000008765e-03
9.089999999999999858e+00 -2.114000000000004764e-03
9.109999999999999432e+00 -2.110000000000000764e-03
9.130000000000000782e+00 -2.105000000000037397e-03
9.150000000000000355e+00 -2.100999999999991763e-03
9.169999999999999929e+00 -2.096000000000000640e-03
9.189999999999999503e+00 -2.091700000000001891e-03
9.210000000000000853e+00 -2.087900000000045275e-03
9.230000000000000426e+00 -2.082899999999998641e-03
9.250000000000000000e+00 -2.078799999999991766e-03
9.269999999999999574e+00 -2.074600000000009770e-03
9.289999999999999147e+00 -2.070400000000000018e-03
9.310000000000000497e+00 -2.066199999999990267e-03
9.330000000000000071e+00 -2.062000000000008271e-03
9.349999999999999645e+00 -2.057799999999998519e-03
9.369999999999999218e+00 -2.053800000000008397e-03
9.390000000000000568e+00 -2.049599999999998645e-03
9.410000000000000142e+00 -2.045500000000005647e-03
9.429999999999999716e+00 -2.041500000000001647e-03
9.449999999999999289e+00 -2.037400000000008649e-03
9.470000000000000639e+00 -2.033400000000004648e-03
9.490000000000000213e+00 -2.029400000000000648e-03
9.509999999999999787e+00 -2.025399999999996647e-03
9.529999999999999361e+00 -2.021599999999998398e-03
9.550000000000000711e+00 -2.017599999999994398e-03
9.570000000000000284e+00 -2.013699999999993273e-03
9.589999999999999858e+00 -2.009800000000006026e-03
9.609999999999999432e+00 -2.005999999999993899e-03
9.630000000000000782e+00 -2.002100000000034408e-03
9.650000000000000355e+00 -1.998399999999997401e-03
9.669999999999999929e+00 -1.994599999999999151e-03
9.689999999999999503e+00 -1.990899999999989900e-03
9.710000000000000853e+00 -1.987100000000033284e-03
9.730000000000000426e+00 -1.983399999999996277e-03
9.750000000000000000e+00 -1.979700000000000903e-03
9.769999999999999574e+00 -1.976099999999994528e-03
9.789999999999999147e+00 -1.972500000000002029e-03
9.810000000000000497e+00 -1.968800000000006656e-03
9.830000000000000071e+00 -1.965200000000000280e-03
9.849999999999999645e+00 -1.961699999999996780e-03
9.869999999999999218e+00 -1.958100000000004282e-03
9.890000000000000568e+00 -1.954600000000000781e-03
9.910000000000000142e+00 -1.951099999999997281e-03
9.929999999999999716e+00 -1.947599999999993781e-03
9.949999999999999289e+00 -1.944099999999990280e-03
9.970000000000000639e+00 -1.940700000000003533e-03
9.990000000000000213e+00 -1.937300000000002909e-03
1.000999999999999979e+01 -1.933900000000002284e-03
1.002999999999999936e+01 -1.930500000000001659e-03
1.005000000000000071e+01 -1.927100000000001034e-03
1.007000000000000028e+01 -1.923700000000000410e-03
1.008999999999999986e+01 -1.920400000000002660e-03
1.010999999999999943e+01 -1.917099999999991033e-03
1.013000000000000078e+01 -1.913900000000023915e-03
1.015000000000000036e+01 -1.910599999999998411e-03
1.016999999999999993e+01 -1.907399999999989659e-03
1.018999999999999950e+01 -1.904099999999991910e-03
1.021000000000000085e+01 -1.901000000000027668e-03
1.023000000000000043e+01 -1.897799999999991161e-03
1.025000000000000000e+01 -1.894599999999996287e-03
1.026999999999999957e+01 -1.891499999999990411e-03
1.028999999999999915e+01 -1.888399999999998413e-03
1.031000000000000050e+01 -1.885300000000006415e-03
1.033000000000000007e+01 -1.882200000000000539e-03
1.034999999999999964e+01 -1.879100000000008541e-03
1.036999999999999922e+01 -1.876100000000005541e-03
1.039000000000000057e+01 -1.873100000000002541e-03
1.041000000000000014e+01 -1.870099999999999540e-03
1.042999999999999972e+01 -1.867099999999996540e-03
1.044999999999999929e+01 -1.864100000000007418e-03
1.047000000000000064e+01 -1.861200000000007293e-03
1.049000000000000021e+01 -1.858200000000004293e-03
1.050999999999999979e+01 -1.855400000000007044e-03
1.052999999999999936e+01 -1.852400000000004043e-03
1.055000000000000071e+01 -1.849600000000006794e-03
1.057000000000000028e+01 -1.846700000000006670e-03
1.058999999999999986e+01 -1.843900000000009420e-03
1.060999999999999943e+01 -1.841099999999998293e-03
1.063000000000000078e+01 -1.838200000000025924e-03
1.065000000000000036e+01 -1.835500000000003795e-03
1.066999999999999993e+01 -1.832799999999995544e-03
1.068999999999999950e+01 -1.829999999999998295e-03
1.071000000000000085e+01 -1.827200000000028801e-03
1.073000000000000043e+01 -1.824500000000006672e-03
1.075000000000000000e+01 -1.821900000000001296e-03
1.076999999999999957e+01 -1.819199999999993045e-03
1.078999999999999915e+01 -1.816499999999998671e-03
1.081000000000000050e+01 -1.813899999999993295e-03
1.083000000000000007e+01 -1.811300000000001797e-03
1.084999999999999964e+01 -1.808599999999993546e-03
1.086999999999999922e+01 -1.806100000000004924e-03
1.089000000000000057e+01 -1.803499999999999548e-03
1.091000000000000014e+01 -1.800899999999994172e-03
1.092999999999999972e+01 -1.798400000000005550e-03
1.094999999999999929e+01 -1.795900000000003049e-03
1.097000000000000064e+01 -1.793400000000000549e-03
1.099000000000000021e+01 -1.790799999999995173e-03
1.100999999999999979e+01 -1.788399999999995549e-03
1.102999999999999936e+01 -1.785999999999995924e-03
1.105000000000000071e+01 -1.783499999999993424e-03
1.107000000000000028e+01 -1.781000000000004801e-03
1.108999999999999986e+01 -1.778699999999994175e-03
1.110999999999999943e+01 -1.776200000000005552e-03
1.113000000000000078e+01 -1.773900000000036559e-03
1.115000000000000036e+01 -1.771500000000009178e-03
1.116999999999999993e+01 -1.769100000000009554e-03
1.118999999999999950e+01 -1.766799999999998927e-03
1.121000000000000085e+01 -1.764500000000029933e-03
1.123000000000000043e+01 -1.762199999999991551e-03
1.125000000000000000e+01 -1.759899999999994802e-03
1.126999999999999957e+01 -1.757599999999998053e-03
1.128999999999999915e+01 -1.755400000000004179e-03
1.131000000000000050e+01 -1.753100000000007430e-03
1.133000000000000007e+01 -1.750899999999999679e-03
1.134999999999999964e+01 -1.748700000000005805e-03
1.136999999999999922e+01 -1.746499999999998054e-03
1.139000000000000057e+01 -1.744300000000004180e-03
1.141000000000000014e+01 -1.742100000000010307e-03
1.142999999999999972e+01 -1.739999999999998492e-03
1.144999999999999929e+01 -1.737899999999993617e-03
1.147000000000000064e+01 -1.735700000000006682e-03
1.149000000000000021e+01 -1.733600000000001806e-03
1.150999999999999979e+01 -1.731500000000003869e-03
1.152999999999999936e+01 -1.729399999999998994e-03
1.155000000000000071e+01 -1.727300000000001057e-03
1.157000000000000028e+01 -1.725299999999999057e-03
1.158999999999999986e+01 -1.723200000000001120e-03
1.160999999999999943e+01 -1.721199999999999120e-03
1.163000000000000078e+01 -1.719200000000017936e-03
1.165000000000000036e+01 -1.717200000000002058e-03
1.166999999999999993e+01 -1.715200000000000058e-03
1.168999999999999950e+01 -1.713300000000000933e-03
1.171000000000000085e+01 -1.711300000000026689e-03
1.173000000000000043e+01 -1.709299999999996933e-03
1.175000000000000000e+01 -1.707300000000001872e-03
1.176999999999999957e+01 -1.705499999999998684e-03
1.178999999999999915e+01 -1.703599999999999559e-03
1.181000000000000050e+01 -1.701700000000000434e-03
1.183000000000000007e+01 -1.699800000000001310e-03
1.184999999999999964e+01 -1.697899999999995246e-03
1.186999999999999922e+01 -1.696099999999998997e-03
1.189000000000000057e+01 -1.694199999999999873e-03
1.191000000000000014e+01 -1.692399999999996685e-03
1.192999999999999972e+01 -1.690600000000000436e-03
1.194999999999999929e+01 -1.688799999999997248e-03
1.197000000000000064e+01 -1.687000000000000999e-03
1.199000000000000021e+01 -1.685200000000004750e-03
1.200999999999999979e+01 -1.683400000000001562e-03
1.202999999999999936e+01 -1.681700000000001249e-03
1.205000000000000071e+01 -1.679899999999998061e-03
1.207000000000000028e+01 -1.678200000000004688e-03
1.208999999999999986e+01 -1.676500000000004376e-03
1.210999999999999943e+01 -1.674699999999994249e-03
1.213000000000000078e+01 -1.673000000000021692e-03
1.215000000000000036e+01 -1.671399999999996500e-03
1.216999999999999993e+01 -1.669700000000003126e-03
1.218999999999999950e+01 -1.667999999999995875e-03
1.221000000000000085e+01 -1.666400000000012316e-03
1.223000000000000043e+01 -1.664699999999998126e-03
1.225000000000000000e+01 -1.663100000000000689e-03
1.226999999999999957e+01 -1.661400000000000376e-03
1.228999999999999915e+01 -1.659899999999998876e-03
1.231000000000000050e+01 -1.658300000000001440e-03
1.233000000000000007e+01 -1.656699999999997064e-03
1.234999999999999964e+01 -1.655099999999999627e-03
1.236999999999999922e+01 -1.653600000000005066e-03
1.239000000000000057e+01 -1.651999999999993751e-03
1.241000000000000014e+01 -1.650499999999999190e-03
1.242999999999999972e+01 -1.648999999999997690e-03
1.244999999999999929e+01 -1.647400000000000253e-03
1.247000000000000064e+01 -1.645899999999998753e-03
1.249000000000000021e+01 -1.644399999999997253e-03
1.250999999999999979e+01 -1.642999999999998628e-03
1.252999999999999936e+01 -1.641400000000001191e-03
1.255000000000000071e+01 -1.639999999999995628e-03
1.257000000000000028e+01 -1.638599999999997003e-03
1.258999999999999986e+01 -1.637100000000002442e-03
1.260999999999999943e+01 -1.635699999999996879e-03
1.263000000000000078e+01 -1.634300000000012132e-03
1.265000000000000036e+01 -1.632899999999999630e-03
1.266999999999999993e+01 -1.631399999999998129e-03
1.268999999999999950e+01 -1.630100000000002380e-03
1.271000000000000085e+01 -1.628700000000017634e-03
1.273000000000000043e+01 -1.627299999999998192e-03
1.275000000000000000e+01 -1.625899999999999568e-03
1.276999999999999957e+01 -1.624499999999994004e-03
1.278999999999999915e+01 -1.623300000000001131e-03
1.281000000000000050e+01 -1.621899999999995567e-03
1.283000000000000007e+01 -1.620599999999999818e-03
1.284999999999999964e+01 -1.619299999999997131e-03
1.286999999999999922e+01 -1.618000000000001382e-03
1.289000000000000057e+01 -1.616699999999998694e-03
1.291000000000000014e+01 -1.615300000000000069e-03
1.292999999999999972e+01 -1.614100000000000257e-03
1.294999999999999929e+01 -1.612799999999997569e-03
1.297000000000000064e+01 -1.611599999999997757e-03
1.299000000000000021e+01 -1.610300000000002008e-03
1.300999999999999979e+01 -1.609099999999995256e-03
1.302999999999999936e+01 -1.607799999999999507e-03
1.305000000000000071e+01 -1.606599999999999695e-03
1.307000000000000028e+01 -1.605399999999999883e-03
1.308999999999999986e+01 -1.604300000000002946e-03
1.310999999999999943e+01 -1.603000000000000258e-03
1.313000000000000078e+01 -1.601900000000017199e-03
1.315000000000000036e+01 -1.600600000000000633e-03
1.316999999999999993e+01 -1.599500000000003697e-03
1.318999999999999950e+01 -1.598300000000003884e-03
1.321000000000000085e+01 -1.597100000000017950e-03
1.323000000000000043e+01 -1.596000000000000196e-03
1.325000000000000000e+01 -1.594899999999996321e-03
1.326999999999999957e+01 -1.593799999999999384e-03
1.328999999999999915e+01 -1.592699999999995508e-03
1.331000000000000050e+01 -1.591499999999995696e-03
1.333000000000000007e+01 -1.590399999999998759e-03
1.334999999999999964e+01 -1.589300000000001822e-03
1.336999999999999922e+01 -1.588199999999997947e-03
1.339000000000000057e+01 -1.587200000000003886e-03
1.341000000000000014e+01 -1.586100000000000010e-03
1.342999999999999972e+01 -1.584999999999996134e-03
1.344999999999999929e+01 -1.583899999999999197e-03
1.347000000000000064e+01 -1.582899999999998197e-03
1.349000000000000021e+01 -1.581800000000001261e-03
1.350999999999999979e+01 -1.580800000000000261e-03
1.352999999999999936e+01 -1.579900000000002136e-03
1.355000000000000071e+01 -1.578799999999998260e-03
1.357000000000000028e+01 -1.577799999999997260e-03
1.358999999999999986e+01 -1.576800000000003199e-03
1.360999999999999943e+01 -1.575800000000002199e-03
1.363000000000000078e+01 -1.574800000000015077e-03
1.365000000000000036e+01 -1.573900000000003074e-03
1.366999999999999993e+01 -1.572900000000002074e-03
1.368999999999999950e+01 -1.571900000000001074e-03
1.371000000000000085e+01 -1.571000000000009889e-03
1.373000000000000043e+01 -1.570000000000001950e-03
1.375000000000000000e+01 -1.569099999999996886e-03
1.376999999999999957e+01 -1.568099999999995886e-03
1.378999999999999915e+01 -1.567100000000001825e-03
1.381000000000000050e+01 -1.566299999999999637e-03
1.383000000000000007e+01 -1.565299999999998637e-03
1.384999999999999964e+01 -1.564400000000000512e-03
1.386999999999999922e+01 -1.563499999999995449e-03
1.389000000000000057e+01 -1.562600000000004263e-03
1.391000000000000014e+01 -1.561800000000002075e-03
1.392999999999999972e+01 -1.560900000000003951e-03
1.394999999999999929e+01 -1.560000000000005826e-03
1.397000000000000064e+01 -1.559100000000000763e-03
1.399000000000000021e+01 -1.558199999999995700e-03
1.400999999999999979e+01 -1.557400000000000451e-03
1.402999999999999936e+01 -1.556500000000002326e-03
1.405000000000000071e+01 -1.555700000000000138e-03
1.407000000000000028e+01 -1.554899999999997950e-03
1.408999999999999986e+01 -1.553999999999999826e-03
1.410999999999999943e+01 -1.553200000000004577e-03
1.413000000000000078e+01 -1.552400000000016267e-03
1.415000000000000036e+01 -1.551500000000004265e-03
1.416999999999999993e+01 -1.550699999999995138e-03
1.418999999999999950e+01 -1.549999999999995826e-03
1.421000000000000085e+01 -1.549100000000018518e-03
1.423000000000000043e+01 -1.548399999999998389e-03
1.425000000000000000e+01 -1.547599999999996201e-03
1.426999999999999957e+01 -1.546800000000000952e-03
1.428999999999999915e+01 -1.545999999999998764e-03
1.431000000000000050e+01 -1.545200000000003515e-03
1.433000000000000007e+01 -1.544499999999997264e-03
1.434999999999999964e+01 -1.543700000000002015e-03
1.436999999999999922e+01 -1.543000000000002703e-03
1.439000000000000057e+01 -1.542300000000003390e-03
1.441000000000000014e+01 -1.541500000000001203e-03
1.442999999999999972e+01 -1.540699999999999015e-03
1.444999999999999929e+01 -1.539999999999999702e-03
1.447000000000000064e+01 -1.539300000000000390e-03
1.449000000000000021e+01 -1.538599999999994139e-03
1.450999999999999979e+01 -1.537900000000001766e-03
1.452999999999999936e+01 -1.537099999999999578e-03
1.455000000000000071e+01 -1.536400000000000265e-03
1.457000000000000028e+01 -1.535799999999996890e-03
1.458999999999999986e+01 -1.535000000000001641e-03
1.460999999999999943e+01 -1.534399999999998265e-03
1.463000000000000078e+01 -1.533700000000005892e-03
1.465000000000000036e+01 -1.532999999999999641e-03
1.466999999999999993e+01 -1.532300000000000328e-03
1.468999999999999950e+01 -1.531600000000001016e-03
1.471000000000000085e+01 -1.531000000000004579e-03
1.473000000000000043e+01 -1.530400000000001204e-03
1.475000000000000000e+01 -1.529599999999999016e-03
1.476999999999999957e+01 -1.529000000000002579e-03
1.478999999999999915e+01 -1.528300000000003267e-03
1.481000000000000050e+01 -1.527799999999995828e-03
1.483000000000000007e+01 -1.527099999999996516e-03
1.484999999999999964e+01 -1.526399999999997203e-03
1.486999999999999922e+01 -1.525799999999993828e-03
1.489000000000000057e+01 -1.525200000000004330e-03
1.491000000000000014e+01 -1.524499999999998079e-03
1.492999999999999972e+01 -1.524000000000004518e-03
1.494999999999999929e+01 -1.523400000000001142e-03
1.497000000000000064e+01 -1.522800000000004705e-03
1.499000000000000021e+01 -1.522099999999998454e-03
1.500999999999999979e+01 -1.521500000000002017e-03
1.502999999999999936e+01 -1.520899999999998642e-03
1.505000000000000071e+01 -1.520299999999995266e-03
1.507000000000000028e+01 -1.519799999999994766e-03
1.508999999999999986e+01 -1.519199999999998330e-03
1.510999999999999943e+01 -1.518600000000001893e-03
1.513000000000000078e+01 -1.518000000000005456e-03
1.515000000000000036e+01 -1.517400000000002080e-03
1.516999999999999993e+01 -1.516900000000001580e-03
1.518999999999999950e+01 -1.516199999999995329e-03
1.521000000000000085e+01 -1.515700000000008707e-03
1.523000000000000043e+01 -1.515200000000001268e-03
1.525000000000000000e+01 -1.514499999999995017e-03
1.526999999999999957e+01 -1.514000000000001456e-03
1.528999999999999915e+01 -1.513500000000000956e-03
1.531000000000000050e+01 -1.512899999999997580e-03
1.533000000000000007e+01 -1.512399999999997080e-03
1.534999999999999964e+01 -1.511800000000000643e-03
1.536999999999999922e+01 -1.511300000000000143e-03
1.539000000000000057e+01 -1.510799999999999643e-03
1.541000000000000014e+01 -1.510200000000003207e-03
1.542999999999999972e+01 -1.509700000000002706e-03
1.544999999999999929e+01 -1.509200000000002206e-03
1.547000000000000064e+01 -1.508599999999998831e-03
1.549000000000000021e+01 -1.508099999999998331e-03
1.550999999999999979e+01 -1.507599999999997831e-03
1.552999999999999936e+01 -1.507099999999997331e-03
1.555000000000000071e+01 -1.506600000000003770e-03
1.557000000000000028e+01 -1.506000000000000394e-03
1.558999999999999986e+01 -1.505499999999996424e-03
1.560999999999999943e+01 -1.505000000000002863e-03
1.563000000000000078e+01 -1.504600000000005239e-03
1.565000000000000036e+01 -1.504100000000004739e-03
1.566999999999999993e+01 -1.503500000000001363e-03
1.568999999999999950e+01 -1.502999999999997394e-03
1.571000000000000085e+01 -1.502600000000006708e-03
1.573000000000000043e+01 -1.502000000000003332e-03
1.575000000000000000e+01 -1.501599999999995300e-03
1.576999999999999957e+01 -1.501200000000001145e-03
1.578999999999999915e+01 -1.500599999999997769e-03
1.581000000000000050e+01 -1.500199999999996675e-03
1.583000000000000007e+01 -1.499600000000000238e-03
1.584999999999999964e+01 -1.499200000000002614e-03
1.586999999999999922e+01 -1.498699999999998644e-03
1.589000000000000057e+01 -1.498300000000001020e-03
1.591000000000000014e+01 -1.497800000000000520e-03
1.592999999999999972e+01 -1.497400000000002895e-03
1.594999999999999929e+01 -1.496799999999999520e-03
1.597000000000000064e+01 -1.496399999999998426e-03
1.599000000000000021e+01 -1.495900000000001395e-03
1.601000000000000156e+01 -1.495400000000004365e-03
1.603000000000000114e+01 -1.495000000000006740e-03
1.605000000000000071e+01 -1.494500000000002771e-03
1.607000000000000028e+01 -1.494100000000001677e-03
1.608999999999999986e+01 -1.493599999999997707e-03
1.610999999999999943e+01 -1.493200000000000083e-03
1.612999999999999901e+01 -1.492699999999999583e-03
1.614999999999999858e+01 -1.492299999999998489e-03
1.617000000000000171e+01 -1.491900000000014742e-03
1.619000000000000128e+01 -1.491400000000000364e-03
1.621000000000000085e+01 -1.490899999999999864e-03
1.623000000000000043e+01 -1.490399999999999364e-03
1.625000000000000000e+01 -1.490000000000001740e-03
1.626999999999999957e+01 -1.489600000000000646e-03
1.628999999999999915e+01 -1.489100000000000146e-03
1.630999999999999872e+01 -1.488699999999999052e-03
1.632999999999999829e+01 -1.488299999999997958e-03
1.635000000000000142e+01 -1.487800000000000927e-03
1.637000000000000099e+01 -1.487399999999999833e-03
1.639000000000000057e+01 -1.486899999999999333e-03
1.641000000000000014e+01 -1.486500000000001709e-03
1.642999999999999972e+01 -1.486099999999997145e-03
1.644999999999999929e+01 -1.485699999999999521e-03
1.646999999999999886e+01 -1.485199999999999021e-03
1.648999999999999844e+01 -1.484800000000001396e-03
1.651000000000000156e+01 -1.484300000000000896e-03
1.653000000000000114e+01 -1.483899999999999803e-03
1.655000000000000071e+01 -1.483499999999998709e-03
1.657000000000000028e+01 -1.483099999999997615e-03
1.658999999999999986e+01 -1.482600000000000584e-03
1.660999999999999943e+01 -1.482199999999999490e-03
1.662999999999999901e+01 -1.481800000000001866e-03
1.664999999999999858e+01 -1.481300000000001366e-03
1.667000000000000171e+01 -1.480900000000014149e-03
1.669000000000000128e+01 -1.480499999999999178e-03
1.671000000000000085e+01 -1.480000000000002147e-03
1.673000000000000043e+01 -1.479599999999997584e-03
1.675000000000000000e+01 -1.479199999999999959e-03
1.676999999999999957e+01 -1.478799999999998865e-03
1.678999999999999915e+01 -1.478299999999998365e-03
1.680999999999999872e+01 -1.477899999999997271e-03
1.682999999999999829e+01 -1.477400000000000241e-03
1.685000000000000142e+01 -1.477000000000002616e-03
1.687000000000000099e+01 -1.476600000000001522e-03
1.689000000000000057e+01 -1.476200000000000429e-03
1.691000000000000014e+01 -1.475699999999999928e-03
1.692999999999999972e+01 -1.475300000000002304e-03
1.694999999999999929e+01 -1.474899999999997741e-03
1.696999999999999886e+01 -1.474400000000000710e-03
1.698999999999999844e+01 -1.473999999999999616e-03
1.701000000000000156e+01 -1.473600000000001992e-03
1.703000000000000114e+01 -1.473100000000001492e-03
1.705000000000000071e+01 -1.472799999999999804e-03
1.707000000000000028e+01 -1.472299999999999304e-03
1.708999999999999986e+01 -1.471899999999998210e-03
1.710999999999999943e+01 -1.471399999999997710e-03
1.712999999999999901e+01 -1.471099999999999491e-03
1.714999999999999858e+01 -1.470600000000002461e-03
1.717000000000000171e+01 -1.470100000000012369e-03
1.719000000000000128e+01 -1.469800000000000273e-03
1.721000000000000085e+01 -1.469200000000000367e-03
1.723000000000000043e+01 -1.468799999999999273e-03
1.725000000000000000e+01 -1.468400000000001648e-03
1.726999999999999957e+01 -1.468000000000000554e-03
1.728999999999999915e+01 -1.467500000000000054e-03
1.730999999999999872e+01 -1.467099999999998960e-03
1.732999999999999829e+01 -1.466700000000001336e-03
1.735000000000000142e+01 -1.466199999999997367e-03
1.737000000000000099e+01 -1.465700000000000336e-03
1.739000000000000057e+01 -1.465299999999999242e-03
1.741000000000000014e+01 -1.464899999999998148e-03
1.742999999999999972e+01 -1.464400000000001117e-03
1.744999999999999929e+01 -1.464000000000000024e-03
1.746999999999999886e+01 -1.463499999999999523e-03
1.748999999999999844e+01 -1.463099999999998430e-03
1.751000000000000156e+01 -1.462599999999997930e-03
1.753000000000000114e+01 -1.462100000000000899e-03
1.755000000000000071e+01 -1.461699999999999805e-03
1.757000000000000028e+01 -1.461300000000002181e-03
1.758999999999999986e+01 -1.460799999999998211e-03
1.760999999999999943e+01 -1.460300000000001180e-03
1.762999999999999901e+01 -1.459800000000000680e-03
1.764999999999999858e+01 -1.459299999999996711e-03
1.767000000000000171e+01 -1.458900000000009495e-03
1.769000000000000128e+01 -1.458500000000001462e-03
1.771000000000000085e+01 -1.457899999999998086e-03
1.773000000000000043e+01 -1.457499999999996992e-03
1.775000000000000000e+01 -1.456999999999999962e-03
1.776999999999999957e+01 -1.456499999999999462e-03
1.778999999999999915e+01 -1.456100000000001837e-03
1.780999999999999872e+01 -1.455600000000001337e-03
1.782999999999999829e+01 -1.455100000000000837e-03
1.785000000000000142e+01 -1.454699999999999743e-03
1.787000000000000099e+01 -1.454099999999999837e-03
1.789000000000000057e+01 -1.453599999999999337e-03
1.791000000000000014e+01 -1.453099999999998837e-03
1.792999999999999972e+01 -1.452700000000001213e-03
1.794999999999999929e+01 -1.452200000000000712e-03
1.796999999999999886e+01 -1.451700000000000212e-03
1.798999999999999844e+01 -1.451199999999999712e-03
1.801000000000000156e+01 -1.450599999999999806e-03
1.803000000000000114e+01 -1.450099999999999306e-03
1.805000000000000071e+01 -1.449600000000002276e-03
1.807000000000000028e+01 -1.449100000000001776e-03
1.808999999999999986e+01 -1.448600000000001276e-03
1.810999999999999943e+01 -1.448099999999997306e-03
1.812999999999999901e+01 -1.447600000000000275e-03
1.814999999999999858e+01 -1.447099999999999775e-03
1.817000000000000171e+01 -1.446500000000010278e-03
1.819000000000000128e+01 -1.445999999999999369e-03
1.821000000000000085e+01 -1.445500000000002339e-03
1.823000000000000043e+01 -1.444899999999998963e-03
1.825000000000000000e+01 -1.444400000000001932e-03
1.826999999999999957e+01 -1.443900000000001432e-03
1.828999999999999915e+01 -1.443299999999998057e-03
1.830999999999999872e+01 -1.442800000000001026e-03
1.832999999999999829e+01 -1.442300000000000526e-03
1.835000000000000142e+01 -1.441700000000000620e-03
1.837000000000000099e+01 -1.441100000000000714e-03
1.839000000000000057e+01 -1.440600000000000214e-03
1.841000000000000014e+01 -1.440000000000000308e-03
1.842999999999999972e+01 -1.439499999999999807e-03
1.844999999999999929e+01 -1.438800000000000495e-03
1.846999999999999886e+01 -1.438299999999999995e-03
1.848999999999999844e+01 -1.437700000000000089e-03
1.851000000000000156e+01 -1.437100000000000183e-03
1.853000000000000114e+01 -1.436599999999999683e-03
1.855000000000000071e+01 -1.436000000000003246e-03
1.857000000000000028e+01 -1.435399999999999870e-03
1.858999999999999986e+01 -1.434799999999999964e-03
1.860999999999999943e+01 -1.434200000000000058e-03
1.862999999999999901e+01 -1.433600000000000152e-03
1.864999999999999858e+01 -1.433000000000000246e-03
1.867000000000000171e+01 -1.432300000000011342e-03
1.869000000000000128e+01 -1.431699999999997558e-03
1.871000000000000085e+01 -1.431100000000001121e-03
1.873000000000000043e+01 -1.430500000000001215e-03
1.875000000000000000e+01 -1.429900000000001309e-03
1.876999999999999957e+01 -1.429299999999997933e-03
1.878999999999999915e+01 -1.428599999999998621e-03
1.880999999999999872e+01 -1.427999999999998715e-03
1.882999999999999829e+01 -1.427299999999999403e-03
1.885000000000000142e+01 -1.426700000000002966e-03
1.887000000000000099e+01 -1.426099999999999590e-03
1.889000000000000057e+01 -1.425399999999996808e-03
1.891000000000000014e+01 -1.424800000000000372e-03
1.892999999999999972e+01 -1.424099999999997590e-03
1.894999999999999929e+01 -1.423399999999998278e-03
1.896999999999999886e+01 -1.422699999999998965e-03
1.898999999999999844e+01 -1.422100000000002529e-03
1.901000000000000156e+01 -1.421399999999999747e-03
1.903000000000000114e+01 -1.420700000000000435e-03
1.905000000000000071e+01 -1.419899999999998247e-03
1.907000000000000028e+01 -1.419300000000001810e-03
1.908999999999999986e+01 -1.418599999999999028e-03
1.910999999999999943e+01 -1.417899999999999716e-03
1.912999999999999901e+01 -1.417200000000000404e-03
1.914999999999999858e+01 -1.416500000000001092e-03
1.917000000000000171e+01 -1.415700000000005843e-03
1.919000000000000128e+01 -1.414999999999999591e-03
1.921000000000000085e+01 -1.414300000000000279e-03
1.923000000000000043e+01 -1.413600000000000967e-03
1.925000000000000000e+01 -1.412799999999998779e-03
1.926999999999999957e+01 -1.412099999999999467e-03
1.928999999999999915e+01 -1.411300000000000748e-03
1.930999999999999872e+01 -1.410600000000001436e-03
1.932999999999999829e+01 -1.409800000000002718e-03
1.935000000000000142e+01 -1.408999999999997060e-03
1.937000000000000099e+01 -1.408300000000001218e-03
1.939000000000000057e+01 -1.407499999999999030e-03
1.941000000000000014e+01 -1.406700000000000311e-03
1.942999999999999972e+01 -1.405899999999998123e-03
1.944999999999999929e+01 -1.405099999999999405e-03
1.946999999999999886e+01 -1.404400000000000093e-03
1.948999999999999844e+01 -1.403599999999997905e-03
1.951000000000000156e+01 -1.402699999999999780e-03
1.953000000000000114e+01 -1.401900000000001062e-03
1.955000000000000071e+01 -1.400999999999999468e-03
1.957000000000000028e+01 -1.400300000000000156e-03
1.958999999999999986e+01 -1.399399999999998562e-03
1.960999999999999943e+01 -1.398599999999999843e-03
1.962999999999999901e+01 -1.397699999999998249e-03
1.964999999999999858e+01 -1.396900000000003000e-03
1.967000000000000171e+01 -1.396100000000007751e-03
1.969000000000000128e+01 -1.395199999999999219e-03
1.971000000000000085e+01 -1.394300000000001094e-03
1.973000000000000043e+01 -1.393399999999999500e-03
1.975000000000000000e+01 -1.392600000000000782e-03
1.976999999999999957e+01 -1.391699999999999188e-03
1.978999999999999915e+01 -1.390700000000001657e-03
1.980999999999999872e+01 -1.389800000000000063e-03
1.982999999999999829e+01 -1.388899999999998469e-03
1.985000000000000142e+01 -1.388000000000000345e-03
1.987000000000000099e+01 -1.387100000000002220e-03
1.989000000000000057e+01 -1.386100000000001220e-03
1.991000000000000014e+01 -1.385199999999999626e-03
1.992999999999999972e+01 -1.384400000000000908e-03
1.994999999999999929e+01 -1.383399999999999908e-03
1.996999999999999886e+01 -1.382399999999998907e-03
1.998999999999999844e+01 -1.381399999999997907e-03
2.001000000000000156e+01 -1.380499999999999783e-03
2.003000000000000114e+01 -1.379499999999998783e-03
2.005000000000000071e+01 -1.378600000000000658e-03
2.007000000000000028e+01 -1.377500000000000252e-03
2.008999999999999986e+01 -1.376599999999998658e-03
2.010999999999999943e+01 -1.375600000000001127e-03
2.012999999999999901e+01 -1.374600000000000127e-03
2.014999999999999858e+01 -1.373600000000002597e-03
2.017000000000000171e+01 -1.372500000000005660e-03
2.019000000000000128e+01 -1.371499999999997721e-03
2.021000000000000085e+01 -1.370500000000000190e-03
2.023000000000000043e+01 -1.369399999999999784e-03
2.025000000000000000e+01 -1.368399999999998784e-03
2.026999999999999957e+01 -1.367299999999998378e-03
2.028999999999999915e+01 -1.366199999999997972e-03
2.030999999999999872e+01 -1.365200000000000441e-03
2.032999999999999829e+01 -1.364100000000000035e-03
2.035000000000000142e+01 -1.362999999999999629e-03
2.037000000000000099e+01 -1.361899999999999222e-03
2.039000000000000057e+01 -1.360900000000001692e-03
2.041000000000000014e+01 -1.359700000000001879e-03
2.042999999999999972e+01 -1.358600000000001473e-03
2.044999999999999929e+01 -1.357500000000001067e-03
2.046999999999999886e+01 -1.356299999999997785e-03
2.048999999999999844e+01 -1.355200000000000848e-03
2.051000000000000156e+01 -1.354000000000001036e-03
2.053000000000000114e+01 -1.352900000000000630e-03
2.055000000000000071e+01 -1.351699999999997348e-03
2.057000000000000028e+01 -1.350600000000000411e-03
2.058999999999999986e+01 -1.349400000000000599e-03
2.060999999999999943e+01 -1.348200000000000787e-03
2.062999999999999901e+01 -1.347000000000000974e-03
2.064999999999999858e+01 -1.345800000000001162e-03
2.067000000000000171e+01 -1.344600000000004819e-03
2.069000000000000128e+01 -1.343400000000001537e-03
2.071000000000000085e+01 -1.342100000000002319e-03
2.073000000000000043e+01 -1.340900000000002507e-03
2.075000000000000000e+01 -1.339699999999999225e-03
2.076999999999999957e+01 -1.338400000000000006e-03
2.078999999999999915e+01 -1.337200000000000194e-03
2.080999999999999872e+01 -1.335900000000000976e-03
2.082999999999999829e+01 -1.334600000000001757e-03
2.085000000000000142e+01 -1.333299999999999069e-03
2.087000000000000099e+01 -1.331999999999999851e-03
2.089000000000000057e+01 -1.330800000000000038e-03
2.091000000000000014e+01 -1.329400000000001414e-03
2.092999999999999972e+01 -1.328099999999998726e-03
2.094999999999999929e+01 -1.326700000000000101e-03
2.096999999999999886e+01 -1.325400000000000883e-03
2.098999999999999844e+01 -1.323999999999998789e-03
2.101000000000000156e+01 -1.322699999999999571e-03
2.103000000000000114e+01 -1.321300000000000946e-03
2.105000000000000071e+01 -1.319999999999998258e-03
2.107000000000000028e+01 -1.318599999999999633e-03
2.108999999999999986e+01 -1.317200000000001009e-03
2.110999999999999943e+01 -1.315799999999998915e-03
2.112999999999999901e+01 -1.314400000000000290e-03
2.114999999999999858e+01 -1.312900000000002260e-03
2.117000000000000171e+01 -1.311600000000006511e-03
2.119000000000000128e+01 -1.310100000000001541e-03
2.121000000000000085e+01 -1.308600000000000041e-03
2.123000000000000043e+01 -1.307200000000001416e-03
2.125000000000000000e+01 -1.305699999999999916e-03
2.126999999999999957e+01 -1.304300000000001292e-03
2.128999999999999915e+01 -1.302700000000000385e-03
2.130999999999999872e+01 -1.301299999999998291e-03
2.132999999999999829e+01 -1.299700000000000855e-03
2.135000000000000142e+01 -1.298300000000002230e-03
2.137000000000000099e+01 -1.296700000000001324e-03
2.139000000000000057e+01 -1.295199999999999824e-03
2.141000000000000014e+01 -1.293599999999998917e-03
2.142999999999999972e+01 -1.292100000000000887e-03
2.144999999999999929e+01 -1.290499999999999980e-03
2.146999999999999886e+01 -1.288900000000000809e-03
2.148999999999999844e+01 -1.287300000000001637e-03
2.151000000000000156e+01 -1.285700000000000731e-03
2.153000000000000114e+01 -1.284199999999999231e-03
2.155000000000000071e+01 -1.282599999999998325e-03
2.157000000000000028e+01 -1.280900000000001482e-03
2.158999999999999986e+01 -1.279299999999998841e-03
2.160999999999999943e+01 -1.277699999999999669e-03
2.162999999999999901e+01 -1.275999999999999357e-03
2.164999999999999858e+01 -1.274300000000000779e-03
2.167000000000000171e+01 -1.272700000000005077e-03
2.169000000000000128e+01 -1.270899999999998420e-03
2.171000000000000085e+01 -1.269200000000001577e-03
2.173000000000000043e+01 -1.267499999999999530e-03
2.175000000000000000e+01 -1.265900000000000358e-03
2.176999999999999957e+01 -1.264100000000000640e-03
2.178999999999999915e+01 -1.262300000000000921e-03
2.180999999999999872e+01 -1.260600000000000609e-03
2.182999999999999829e+01 -1.258799999999999156e-03
2.185000000000000142e+01 -1.257099999999998843e-03
2.187000000000000099e+01 -1.255300000000000860e-03
2.189000000000000057e+01 -1.253499999999997672e-03
2.191000000000000014e+01 -1.251699999999999688e-03
2.192999999999999972e+01 -1.249899999999999969e-03
2.194999999999999929e+01 -1.248100000000000251e-03
2.196999999999999886e+01 -1.246299999999998798e-03
2.198999999999999844e+01 -1.244299999999998532e-03
2.201000000000000156e+01 -1.242500000000000548e-03
2.203000000000000114e+01 -1.240699999999999095e-03
2.205000000000000071e+01 -1.238799999999999971e-03
2.207000000000000028e+01 -1.236900000000000846e-03
2.208999999999999986e+01 -1.234999999999998252e-03
2.210999999999999943e+01 -1.233099999999999127e-03
2.212999999999999901e+01 -1.231100000000002331e-03
2.214999999999999858e+01 -1.229200000000001472e-03
2.217000000000000171e+01 -1.227200000000004676e-03
2.219000000000000128e+01 -1.225199999999999206e-03
2.221000000000000085e+01 -1.223300000000000082e-03
2.223000000000000043e+01 -1.221300000000001551e-03
2.225000000000000000e+01 -1.219299999999999551e-03
2.226999999999999957e+01 -1.217299999999999285e-03
2.228999999999999915e+01 -1.215300000000000755e-03
2.230999999999999872e+01 -1.213199999999999348e-03
2.232999999999999829e+01 -1.211199999999999083e-03
2.235000000000000142e+01 -1.209100000000001146e-03
2.237000000000000099e+01 -1.206999999999999740e-03
2.239000000000000057e+01 -1.204999999999999474e-03
2.241000000000000014e+01 -1.202899999999999803e-03
2.242999999999999972e+01 -1.200800000000000131e-03
2.244999999999999929e+01 -1.198700000000000460e-03
2.246999999999999886e+01 -1.196499999999999647e-03
2.248999999999999844e+01 -1.194399999999999976e-03
2.251000000000000156e+01 -1.192300000000000304e-03
2.253000000000000114e+01 -1.190099999999999492e-03
2.255000000000000071e+01 -1.187900000000000414e-03
2.257000000000000028e+01 -1.185799999999999008e-03
2.258999999999999986e+01 -1.183500000000000524e-03
2.260999999999999943e+01 -1.181300000000001446e-03
2.262999999999999901e+01 -1.179099999999998899e-03
2.264999999999999858e+01 -1.176799999999998680e-03
2.267000000000000171e+01 -1.174600000000004807e-03
2.269000000000000128e+01 -1.172299999999999384e-03
2.271000000000000085e+01 -1.170100000000000307e-03
2.273000000000000043e+01 -1.167700000000000682e-03
2.275000000000000000e+01 -1.165400000000000463e-03
2.276999999999999957e+01 -1.163099999999998510e-03
2.278999999999999915e+01 -1.160800000000000026e-03
2.280999999999999872e+01 -1.158400000000000402e-03
2.282999999999999829e+01 -1.156100000000000183e-03
2.285000000000000142e+01 -1.153700000000000558e-03
2.287000000000000099e+01 -1.151299999999999199e-03
2.289000000000000057e+01 -1.149000000000000715e-03
2.291000000000000014e+01 -1.146499999999999950e-03
2.292999999999999972e+01 -1.144100000000000325e-03
2.294999999999999929e+01 -1.141700000000000700e-03
2.296999999999999886e+01 -1.139199999999999935e-03
2.298999999999999844e+01 -1.136699999999999169e-03
2.301000000000000156e+01 -1.134299999999999545e-03
2.303000000000000114e+01 -1.131800000000000514e-03
2.305000000000000071e+01 -1.129299999999999748e-03
2.307000000000000028e+01 -1.126700000000001312e-03
2.308999999999999986e+01 -1.124200000000000546e-03
2.310999999999999943e+01 -1.121600000000000374e-03
2.312999999999999901e+01 -1.119099999999999609e-03
2.314999999999999858e+01 -1.116500000000001172e-03
2.317000000000000171e+01 -1.113900000000004470e-03
2.319000000000000128e+01 -1.111400000000000235e-03
2.321000000000000085e+01 -1.108800000000000063e-03
2.323000000000000043e+01 -1.106100000000000486e-03
2.325000000000000000e+01 -1.103500000000000314e-03
2.326999999999999957e+01 -1.100800000000000736e-03
2.328999999999999915e+01 -1.098099999999999424e-03
2.330999999999999872e+01 -1.095399999999999846e-03
2.332999999999999829e+01 -1.092800000000001409e-03
2.335000000000000142e+01 -1.089999999999998956e-03
2.337000000000000099e+01 -1.087299999999999378e-03
2.339000000000000057e+01 -1.084499999999998660e-03
2.341000000000000014e+01 -1.081800000000000817e-03
2.342999999999999972e+01 -1.079000000000000098e-03
2.344999999999999929e+01 -1.076299999999998785e-03
2.346999999999999886e+01 -1.073499999999999802e-03
2.348999999999999844e+01 -1.070599999999999677e-03
2.351000000000000156e+01 -1.067799999999998958e-03
2.353000000000000114e+01 -1.064999999999999974e-03
2.355000000000000071e+01 -1.062099999999999850e-03
2.357000000000000028e+01 -1.059199999999999725e-03
2.358999999999999986e+01 -1.056400000000000741e-03
2.360999999999999943e+01 -1.053399999999999476e-03
2.362999999999999901e+01 -1.050499999999999351e-03
2.364999999999999858e+01 -1.047600000000000961e-03
2.367000000000000171e+01 -1.044600000000003165e-03
2.369000000000000128e+01 -1.041600000000000165e-03
2.371000000000000085e+01 -1.038700000000000040e-03
2.373000000000000043e+01 -1.035700000000000509e-03
2.375000000000000000e+01 -1.032599999999999837e-03
2.376999999999999957e+01 -1.029600000000000307e-03
2.378999999999999915e+01 -1.026600000000000776e-03
2.380999999999999872e+01 -1.023500000000000104e-03
2.382999999999999829e+01 -1.020499999999998839e-03
2.385000000000000142e+01 -1.017300000000000496e-03
2.387000000000000099e+01 -1.014199999999999824e-03
2.389000000000000057e+01 -1.011099999999999152e-03
2.391000000000000014e+01 -1.008000000000000215e-03
2.392999999999999972e+01 -1.004899999999999544e-03
2.394999999999999929e+01 -1.001600000000000060e-03
2.396999999999999886e+01 -9.984999999999993880e-04
2.398999999999999844e+01 -9.954000000000004511e-04
2.401000000000000156e+01 -9.920999999999992325e-04
2.403000000000000114e+01 -9.887999999999997486e-04
2.405000000000000071e+01 -9.856000000000014055e-04
2.407000000000000028e+01 -9.823999999999995930e-04
2.408999999999999986e+01 -9.791000000000001091e-04
2.410999999999999943e+01 -9.758000000000006252e-04
2.412999999999999901e+01 -9.724999999999994066e-04
2.414999999999999858e+01 -9.691999999999999227e-04
2.417000000000000171e+01 -9.658000000000027674e-04
2.419000000000000128e+01 -9.624000000000004079e-04
2.421000000000000085e+01 -9.589999999999997832e-04
2.423000000000000043e+01 -9.557000000000002993e-04
2.425000000000000000e+01 -9.523000000000014093e-04
2.426999999999999957e+01 -9.487999999999996437e-04
2.428999999999999915e+01 -9.453999999999990189e-04
2.430999999999999872e+01 -9.419000000000007228e-04
2.432999999999999829e+01 -9.384000000000006919e-04
2.435000000000000142e+01 -9.350000000000000672e-04
2.437000000000000099e+01 -9.314000000000006302e-04
2.439000000000000057e+01 -9.279000000000005993e-04
2.441000000000000014e+01 -9.243000000000011623e-04
2.442999999999999972e+01 -9.208000000000011315e-04
2.444999999999999929e+01 -9.172999999999993659e-04
2.446999999999999886e+01 -9.136000000000005228e-04
2.448999999999999844e+01 -9.101000000000004919e-04
2.451000000000000156e+01 -9.063999999999999141e-04
2.453000000000000114e+01 -9.028000000000004771e-04
2.455000000000000071e+01 -8.990999999999998993e-04
2.457000000000000028e+01 -8.955000000000004623e-04
2.458999999999999986e+01 -8.917000000000004784e-04
2.460999999999999943e+01 -8.879999999999999005e-04
2.462999999999999901e+01 -8.842999999999993227e-04
2.464999999999999858e+01 -8.805000000000010735e-04
2.467000000000000171e+01 -8.767000000000028243e-04
2.469000000000000128e+01 -8.729000000000011056e-04
2.471000000000000085e+01 -8.691999999999987930e-04
2.473000000000000043e+01 -8.653999999999988091e-04
2.475000000000000000e+01 -8.614999999999994190e-04
2.476999999999999957e+01 -8.576000000000000290e-04
2.478999999999999915e+01 -8.538000000000000450e-04
2.480999999999999872e+01 -8.498999999999989202e-04
2.482999999999999829e+01 -8.459999999999995302e-04
2.485000000000000142e+01 -8.419999999999989992e-04
2.487000000000000099e+01 -8.380000000000002031e-04
2.489000000000000057e+01 -8.341000000000008130e-04
2.491000000000000014e+01 -8.302000000000014229e-04
2.492999999999999972e+01 -8.261999999999991573e-04
2.494999999999999929e+01 -8.220999999999992203e-04
2.496999999999999886e+01 -8.181000000000004241e-04
2.498999999999999844e+01 -8.140000000000004871e-04
2.501000000000000156e+01 -8.099000000000005500e-04
2.503000000000000114e+01 -8.059000000000000191e-04
2.505000000000000071e+01 -8.018000000000000821e-04
2.507000000000000028e+01 -7.976000000000007389e-04
2.508999999999999986e+01 -7.933999999999996611e-04
2.510999999999999943e+01 -7.892999999999997240e-04
2.512999999999999901e+01 -7.851000000000003809e-04
2.514999999999999858e+01 -7.808999999999993030e-04
2.517000000000000171e+01 -7.766000000000022885e-04
2.519000000000000128e+01 -7.724000000000012106e-04
2.521000000000000085e+01 -7.681000000000007266e-04
2.523000000000000043e+01 -7.638999999999996487e-04
2.525000000000000000e+01 -7.595999999999991648e-04
2.526999999999999957e+01 -7.553000000000004155e-04
2.528999999999999915e+01 -7.508999999999987907e-04
2.530999999999999872e+01 -7.466000000000000414e-04
2.532999999999999829e+01 -7.422000000000001513e-04
2.535000000000000142e+01 -7.378000000000002612e-04
2.537000000000000099e+01 -7.332999999999992302e-04
2.539000000000000057e+01 -7.288999999999993401e-04
2.541000000000000014e+01 -7.245000000000011847e-04
2.542999999999999972e+01 -7.200000000000001538e-04
2.544999999999999929e+01 -7.155000000000008575e-04
2.546999999999999886e+01 -7.109999999999998266e-04
2.548999999999999844e+01 -7.065000000000005304e-04
2.551000000000000156e+01 -7.018999999999983586e-04
2.553000000000000114e+01 -6.973999999999990623e-04
2.555000000000000071e+01 -6.926999999999992191e-04
2.557000000000000028e+01 -6.881000000000005168e-04
2.558999999999999986e+01 -6.835999999999994858e-04
2.560999999999999943e+01 -6.788000000000002365e-04
2.562999999999999901e+01 -6.741999999999997994e-04
2.564999999999999858e+01 -6.694999999999999563e-04
2.567000000000000171e+01 -6.648000000000035825e-04
2.569000000000000128e+01 -6.601000000000002699e-04
2.571000000000000085e+01 -6.552999999999992858e-04
2.573000000000000043e+01 -6.505000000000000365e-04
2.575000000000000000e+01 -6.457000000000007872e-04
2.576999999999999957e+01 -6.409000000000015379e-04
2.578999999999999915e+01 -6.359999999999994130e-04
2.580999999999999872e+01 -6.312000000000001637e-04
2.582999999999999829e+01 -6.262999999999997736e-04
2.585000000000000142e+01 -6.215000000000005242e-04
2.587000000000000099e+01 -6.165000000000007280e-04
2.589000000000000057e+01 -6.116000000000003378e-04
2.591000000000000014e+01 -6.066999999999999477e-04
2.592999999999999972e+01 -6.017000000000001514e-04
2.594999999999999929e+01 -5.966000000000009490e-04
2.596999999999999886e+01 -5.916000000000011527e-04
2.598999999999999844e+01 -5.865999999999996217e-04
2.601000000000000156e+01 -5.815999999999998255e-04
2.603000000000000114e+01 -5.765000000000006231e-04
2.605000000000000071e+01 -5.713000000000002798e-04
2.607000000000000028e+01 -5.661999999999993427e-04
2.608999999999999986e+01 -5.611000000000001403e-04
2.610999999999999943e+01 -5.558999999999997971e-04
2.612999999999999901e+01 -5.506999999999994538e-04
2.614999999999999858e+01 -5.454999999999991106e-04
2.617000000000000171e+01 -5.403000000000039715e-04
2.619000000000000128e+01 -5.351000000000001589e-04
2.621000000000000085e+01 -5.298000000000004095e-04
2.623000000000000043e+01 -5.245000000000006601e-04
2.625000000000000000e+01 -5.190999999999997699e-04
2.626999999999999957e+01 -5.138000000000000206e-04
2.628999999999999915e+01 -5.083999999999991304e-04
2.630999999999999872e+01 -5.029999999999999749e-04
2.632999999999999829e+01 -4.976000000000008194e-04
2.635000000000000142e+01 -4.921999999999999292e-04
2.637000000000000099e+01 -4.867800000000008925e-04
2.639000000000000057e+01 -4.812499999999990397e-04
2.641000000000000014e+01 -4.757900000000002405e-04
2.642999999999999972e+01 -4.702800000000000036e-04
2.644999999999999929e+01 -4.647399999999999448e-04
2.646999999999999886e+01 -4.591599999999983889e-04
2.648999999999999844e+01 -4.535300000000005993e-04
2.651000000000000156e+01 -4.479800000000005999e-04
2.653000000000000114e+01 -4.423799999999991628e-04
2.655000000000000071e+01 -4.367399999999996979e-04
2.657000000000000028e+01 -4.310700000000004112e-04
2.658999999999999986e+01 -4.253599999999996273e-04
2.660999999999999943e+01 -4.196100000000008157e-04
2.662999999999999901e+01 -4.139199999999999130e-04
2.664999999999999858e+01 -4.080899999999998418e-04
2.667000000000000171e+01 -4.023300000000045590e-04
2.669000000000000128e+01 -3.965299999999991054e-04
2.671000000000000085e+01 -3.906999999999990342e-04
2.673000000000000043e+01 -3.848199999999992599e-04
2.675000000000000000e+01 -3.789099999999996637e-04
2.676999999999999957e+01 -3.730599999999997113e-04
2.678999999999999915e+01 -3.670800000000005309e-04
2.680999999999999872e+01 -3.611600000000009941e-04
2.682999999999999829e+01 -3.551999999999999602e-04
2.685000000000000142e+01 -3.492100000000008392e-04
2.687000000000000099e+01 -3.432000000000001022e-04
2.689000000000000057e+01 -3.371499999999996028e-04
2.691000000000000014e+01 -3.310899999999991627e-04
2.692999999999999972e+01 -3.250000000000006356e-04
2.694999999999999929e+01 -3.189000000000004331e-04
2.696999999999999886e+01 -3.127600000000004682e-04
2.698999999999999844e+01 -3.066000000000006220e-04
2.701000000000000156e+01 -3.004200000000008947e-04
2.703000000000000114e+01 -2.942199999999995513e-04
2.705000000000000071e+01 -2.879900000000001209e-04
2.707000000000000028e+01 -2.817299999999991339e-04
2.708999999999999986e+01 -2.754599999999999410e-04
2.710999999999999943e+01 -2.691500000000009857e-04
2.712999999999999901e+01 -2.628300000000003550e-04
2.714999999999999858e+01 -2.564899999999998431e-04
2.717000000000000171e+01 -2.501200000000047136e-04
2.719000000000000128e+01 -2.437099999999994132e-04
2.721000000000000085e+01 -2.372899999999993764e-04
2.723000000000000043e+01 -2.308499999999994584e-04
2.725000000000000000e+01 -2.243799999999997186e-04
2.726999999999999957e+01 -2.178900000000000975e-04
2.728999999999999915e+01 -2.113600000000007140e-04
2.730999999999999872e+01 -2.048199999999996551e-04
2.732999999999999829e+01 -1.982600000000004498e-04
2.735000000000000142e+01 -1.916599999999997472e-04
2.737000000000000099e+01 -1.850400000000008982e-04
2.739000000000000057e+01 -1.784100000000003738e-04
2.741000000000000014e+01 -1.717400000000000870e-04
2.742999999999999972e+01 -1.650499999999999190e-04
2.744999999999999929e+01 -1.583399999999998697e-04
2.746999999999999886e+01 -1.515900000000000580e-04
2.748999999999999844e+01 -1.448300000000003057e-04
2.751000000000000156e+01 -1.380400000000007316e-04
2.753000000000000114e+01 -1.312299999999995415e-04
2.755000000000000071e+01 -1.243800000000003236e-04
2.757000000000000028e+01 -1.175199999999994305e-04
2.758999999999999986e+01 -1.106300000000004502e-04
2.760999999999999943e+01 -1.037099999999999134e-04
2.762999999999999901e+01 -9.675999999999955470e-05
2.764999999999999858e+01 -8.979999999999925542e-05
2.767000000000000171e+01 -8.281000000000260375e-05
2.769000000000000128e+01 -7.578999999999919135e-05
2.771000000000000085e+01 -6.875000000000110190e-05
2.773000000000000043e+01 -6.167999999999972116e-05
2.775000000000000000e+01 -5.459000000000019392e-05
2.776999999999999957e+01 -4.746999999999911013e-05
2.778999999999999915e+01 -4.031999999999993922e-05
2.780999999999999872e+01 -3.315000000000088709e-05
2.782999999999999829e+01 -2.595000000000027840e-05
2.785000000000000142e+01 -1.872999999999978848e-05
2.787000000000000099e+01 -1.147999999999947673e-05
2.789000000000000057e+01 -4.209999999999283760e-06
2.791000000000000014e+01 3.089999999998996327e-06
2.792999999999999972e+01 1.042000000000056770e-05
2.794999999999999929e+01 1.778000000000022618e-05
2.796999999999999886e+01 2.515999999999976589e-05
2.798999999999999844e+01 3.255999999999918681e-05
2.801000000000000156e+01 3.999000000000016430e-05
2.803000000000000114e+01 4.745000000000096363e-05
2.805000000000000071e+01 5.494999999999979068e-05
2.807000000000000028e+01 6.246000000000029306e-05
2.808999999999999986e+01 6.998999999999894195e-05
2.810999999999999943e+01 7.756000000000082273e-05
2.812999999999999901e+01 8.515000000000085001e-05
2.814999999999999858e+01 9.276000000000075851e-05
2.817000000000000171e+01 1.004099999999986947e-04
2.819000000000000128e+01 1.080899999999999223e-04
2.821000000000000085e+01 1.157899999999992963e-04
2.823000000000000043e+01 1.235100000000002862e-04
2.825000000000000000e+01 1.312500000000011574e-04
2.826999999999999957e+01 1.390399999999999969e-04
2.828999999999999915e+01 1.468500000000004524e-04
2.830999999999999872e+01 1.546800000000007891e-04
2.832999999999999829e+01 1.625399999999992129e-04
2.835000000000000142e+01 1.704299999999991932e-04
2.837000000000000099e+01 1.783399999999990548e-04
2.839000000000000057e+01 1.862799999999987383e-04
2.841000000000000014e+01 1.942499999999999782e-04
2.842999999999999972e+01 2.022499999999993053e-04
2.844999999999999929e+01 2.102800000000001890e-04
2.846999999999999886e+01 2.183300000000009539e-04
2.848999999999999844e+01 2.264099999999998059e-04
2.851000000000000156e+01 2.345200000000002144e-04
2.853000000000000114e+01 2.426500000000005042e-04
2.855000000000000071e+01 2.508200000000005564e-04
2.857000000000000028e+01 2.590100000000004898e-04
2.858999999999999986e+01 2.672200000000003045e-04
2.860999999999999943e+01 2.754699999999998816e-04
2.862999999999999901e+01 2.837399999999993400e-04
2.864999999999999858e+01 2.920500000000002955e-04
2.867000000000000171e+01 3.003799999999976628e-04
2.869000000000000128e+01 3.087400000000000561e-04
2.871000000000000085e+01 3.171299999999988017e-04
2.873000000000000043e+01 3.255399999999991634e-04
2.875000000000000000e+01 3.339799999999993468e-04
2.876999999999999957e+01 3.424599999999992928e-04
2.878999999999999915e+01 3.509499999999991793e-04
2.880999999999999872e+01 3.594900000000005036e-04
2.882999999999999829e+01 3.680400000000000338e-04
2.885000000000000142e+01 3.766300000000010612e-04
2.887000000000000099e+01 3.852400000000002350e-04
2.889000000000000057e+01 3.938799999999992307e-04
2.891000000000000014e+01 4.025599999999997236e-04
2.892999999999999972e+01 4.112600000000000977e-04
2.894999999999999929e+01 4.199899999999994263e-04
2.896999999999999886e+01 4.287399999999995034e-04
2.898999999999999844e+01 4.375399999999992837e-04
2.901000000000000156e+01 4.463499999999998719e-04
2.903000000000000114e+01 4.551999999999993551e-04
2.905000000000000071e+01 4.640700000000004544e-04
2.907000000000000028e+01 4.729700000000005081e-04
2.908999999999999986e+01 4.819099999999994569e-04
2.910999999999999943e+01 4.908700000000000216e-04
2.912999999999999901e+01 4.998599999999995408e-04
2.914999999999999858e+01 5.088799999999997492e-04
2.917000000000000171e+01 5.179299999999989121e-04
2.919000000000000128e+01 5.270100000000004989e-04
2.921000000000000085e+01 5.361199999999993054e-04
2.923000000000000043e+01 5.452499999999988606e-04
2.925000000000000000e+01 5.544200000000007802e-04
2.926999999999999957e+01 5.636200000000007870e-04
2.928999999999999915e+01 5.728399999999998077e-04
2.930999999999999872e+01 5.820999999999994581e-04
2.932999999999999829e+01 5.913900000000006651e-04
2.935000000000000142e+01 6.007099999999990919e-04
2.937000000000000099e+01 6.100500000000000020e-04
2.939000000000000057e+01 6.194200000000007339e-04
2.941000000000000014e+01 6.288299999999994935e-04
2.942999999999999972e+01 6.382699999999998097e-04
2.944999999999999929e+01 6.477300000000000071e-04
2.946999999999999886e+01 6.572299999999999670e-04
2.948999999999999844e+01 6.667499999999998081e-04
2.951000000000000156e+01 6.763199999999993522e-04
2.953000000000000114e+01 6.859000000000005717e-04
2.955000000000000071e+01 6.955199999999998189e-04
2.957000000000000028e+01 7.051600000000006821e-04
2.958999999999999986e+01 7.148499999999995136e-04
2.960999999999999943e+01 7.245500000000000204e-04
2.962999999999999901e+01 7.342900000000002897e-04
2.964999999999999858e+01 7.440599999999995134e-04
2.967000000000000171e+01 7.538599999999985590e-04
2.969000000000000128e+01 7.636900000000000285e-04
2.971000000000000085e+01 7.735500000000004525e-04
2.973000000000000043e+01 7.834499999999997716e-04
2.975000000000000000e+01 7.933699999999998392e-04
2.976999999999999957e+01 8.033299999999996693e-04
2.978999999999999915e+01 8.133200000000001886e-04
2.980999999999999872e+01 8.233299999999997218e-04
2.982999999999999829e+01 8.333699999999999442e-04
2.985000000000000142e+01 8.434500000000007963e-04
2.987000000000000099e+01 8.535600000000006030e-04
2.989000000000000057e+01 8.637099999999993047e-04
2.991000000000000014e+01 8.738699999999996818e-04
2.992999999999999972e+01 8.840900000000005698e-04
2.994999999999999929e+01 8.943200000000005312e-04
2.996999999999999886e+01 9.045900000000002550e-04
2.998999999999999844e+01 9.148799999999998600e-04
